selection,obs_name,cell,n.umi,time.point,batch,Size_Factor,raw.embryo.time,embryo.time,embryo.time.bin,raw.embryo.time.bin,lineage,num_genes_expressed,cell.type,bg.300.loading,bg.400.loading,bg.500.1.loading,bg.500.2.loading,bg.r17.loading,bg.b01.loading,bg.b02.loading,leiden,embryo_time_numeric,dpt_pseudotime,UMAP1,UMAP2
Selection 3,ATTACTCGTGCTGTAT-300.1.3,ATTACTCGTGCTGTAT-300.1.3,1861,300_minutes,Waterston_300_minutes,1.44643904951307,230,230,210-270,210-270,ABalpppapa/ABpraaaapa,909,Neuroblast_AFD_RMD,5.53841733950629,1.3149853192233,-3.69581768056443,-3.76477103530649,0.81124287914417,-1.05664185302358,-1.26369955509619,3,230,0.012248789,6.549627,10.119919
Selection 3,AGGCCACCAGGTGGAT-300.1.1,AGGCCACCAGGTGGAT-300.1.1,1036,300_minutes,Waterston_300_minutes,0.805218084522055,200,180,170-210,170-210,,622,,7.6268064064199,3.48227802727874,-2.82541201320358,-3.05876071265173,3.89740402015036,1.53019513768994,0.930076318251954,3,180,0.0127724325,6.5982685,9.772534
Selection 3,AGAGCGAAGGGTCGAT-300.1.3,AGAGCGAAGGGTCGAT-300.1.3,2136,300_minutes,Waterston_300_minutes,1.66017937117675,210,190,170-210,210-270,ABpxapppa,1080,,8.47586011531678,3.5114393160947,-3.01102053286331,-3.4740017216569,3.51681154038057,0.906697814448548,-0.0981196214083574,3,190,0.0099191,6.5409245,9.85417
Selection 3,GCGCGATAGGACATTA-b01,GCGCGATAGGACATTA-b01,616,mixed,Murray_b01,0.478778320526627,360,375,330-390,330-390,ABpxpaappaa,474,ASH,-1.90685161141587,-2.11224682638263,-1.98908358281248,-2.48666248527292,-1.20423344162023,-2.56318478287054,-1.74637504842911,13,375,0.2028256,3.967098,14.399225
Selection 3,AAATGCCCATGCGCAC-b01,AAATGCCCATGCGCAC-b01,1604,mixed,Murray_b01,1.2466890034492,370,395,390-450,330-390,ABalpppapav/ABpraaaapav,947,AFD,-4.05664955358631,-3.8259754323132,-2.70934572209537,-2.70399394590115,-3.25096101449907,-3.8695360051027,-2.52358584456469,13,395,0.14976358,4.4383707,13.531715
Selection 3,CCACCTAGTATATGGA-400.2.2,CCACCTAGTATATGGA-400.2.2,1038,400_minutes,Waterston_400_minutes,0.8067725595887,370,380,330-390,330-390,ABpxpaappaa,620,ASH,-1.95574905038332,-2.09885358278421,-2.79573255668514,-3.42356998112299,-2.027774092299,-3.90479042689789,-3.43484212401506,13,380,0.16497801,4.3516755,13.708085
Selection 3,CAAGAAACATGCCTAA-b01,CAAGAAACATGCCTAA-b01,756,mixed,Murray_b01,0.58759157519177,410,395,390-450,390-450,ABpxpaappaa,541,ASH,-2.39624046177454,-1.93437667526932,-1.49511991855924,-1.60717173398918,-0.0331440261701768,-1.19825494445237,-0.297077298800215,13,395,0.23653448,4.362422,14.811957
Selection 3,ATGCGATTCGCACTCT-400.2.2,ATGCGATTCGCACTCT-400.2.2,1159,400_minutes,Waterston_400_minutes,0.900818301120716,380,390,390-450,330-390,ABpxpaappaa,716,ASH,-4.00004189993916,-3.26311084338265,-1.96353459230195,-2.39529920247805,-2.89222111599766,-4.12233793198635,-3.45587629938632,13,390,0.20137854,4.3581166,14.244172
Selection 3,GTGCTTCGTGTGACGA-b01,GTGCTTCGTGTGACGA-b01,630,mixed,Murray_b01,0.489659645993142,370,400,390-450,330-390,ABpxpaappaa,437,ASH,-0.98692528441864,-0.777217932092867,-1.17465572643404,-1.08140409594071,-0.0023422689980547,-0.851168459945503,-0.594949603609381,13,400,0.20163754,4.375454,14.33417
Selection 3,AGAGTGGCAGGCAGTA-400.2.1,AGAGTGGCAGGCAGTA-400.2.1,980,400_minutes,Waterston_400_minutes,0.761692782655998,380,380,330-390,330-390,ABpxpaappaa,625,ASH,-3.73000513730773,-2.94825984789103,-2.08408899958546,-2.81993858523424,-2.83777108564888,-4.38912782952835,-3.87889053073201,13,380,0.1715459,4.3757677,13.828988
Selection 3,AGAATAGAGTTCCACA-400.2.3,AGAATAGAGTTCCACA-400.2.3,1070,400_minutes,Waterston_400_minutes,0.831644160655018,390,385,330-390,390-450,ABpxpaappaa,683,ASH,-4.79557601733658,-4.37619668432587,-3.23462775729218,-3.64577720176463,-3.19667973343214,-5.34464132469417,-4.8982801453567,13,385,0.22147502,4.377907,14.680971
Selection 3,AGCGGTCAGGTGTTAA-500.2.1,AGCGGTCAGGTGTTAA-500.2.1,533,500_minutes,Waterston_500_minutes_batch_2,0.414267605260864,330,375,330-390,330-390,ABpxpaappaa,396,ASH,-4.35848305487412,-2.6698448620123,2.72247998988009,4.25757593634165,-2.62633157488329,-0.0783191707750181,0.856710980497249,13,375,0.1646654,4.3867083,13.622188
Selection 3,CCGTGGAGTATCTGCA-400.2.1,CCGTGGAGTATCTGCA-400.2.1,980,400_minutes,Waterston_400_minutes,0.761692782655998,390,380,330-390,390-450,ABpxpaappaa,584,ASH,-5.30938144354621,-4.46410055542869,-3.21832483315779,-3.83706257014438,-3.66983010432511,-5.80982681450024,-5.34781034022711,13,380,0.21228336,4.409475,14.6718645
Selection 3,GGTGAAGTCATAAAGG-300.1.1,GGTGAAGTCATAAAGG-300.1.1,1126,300_minutes,Waterston_300_minutes,0.875169462521075,390,385,330-390,390-450,ABpxpaappaa,680,ASH,-3.87912333633457,-4.08360611178931,-3.38932205560532,-3.91392915820003,-3.40993785855654,-5.50258056536783,-4.90338961969897,13,385,0.19614145,4.400693,14.393653
Selection 3,AGGTCCGGTCGCCATG-300.1.1,AGGTCCGGTCGCCATG-300.1.1,1097,300_minutes,Waterston_300_minutes,0.852629574054724,370,390,390-450,330-390,ABpxpaappaa,659,ASH,-6.0798924322743,-5.78813384496194,-3.64111035470877,-4.14137165282015,-5.2768964191617,-7.15556346389373,-6.3315001557183,13,390,0.19161877,4.395802,14.2846155
Selection 3,ACACTGATCTGATTCT-400.2.3,ACACTGATCTGATTCT-400.2.3,1103,400_minutes,Waterston_400_minutes,0.857292999254659,420,390,390-450,390-450,ABpxpaappaa,666,ASH,-5.63736399188871,-4.88628904678964,-2.9241189869449,-3.5109012224671,-3.70802861781538,-5.60094027949899,-4.93585695086605,13,390,0.23331408,4.3998613,14.874353
Selection 3,AGCTTGAGTTGCGTTA-b01,AGCTTGAGTTGCGTTA-b01,986,mixed,Murray_b01,0.766356207855933,380,380,330-390,330-390,ABpxaapapaa,639,AWA,-1.98909270738615,-2.43380157215324,-2.81145550902348,-3.07514328004586,-1.86363041461157,-3.21393342652824,-2.46061848016659,13,380,0.18088229,4.406087,14.173657
Selection 3,AGCAGCCTCAACCAAC-400.2.2,AGCAGCCTCAACCAAC-400.2.2,1071,400_minutes,Waterston_400_minutes,0.832421398188341,430,390,390-450,390-450,ABpxpaappaa,678,ASH,-4.12525877849488,-3.04678274759329,-1.79471502976238,-2.48614263197393,-2.11893609444391,-4.19044710962842,-4.23389658810316,13,390,0.24421728,4.4140368,14.827201
Selection 3,ACCAGTATCTATCGCC-b01,ACCAGTATCTATCGCC-b01,1364,mixed,Murray_b01,1.06015199545182,380,380,330-390,330-390,ABpxpaappaa,857,ASH,-2.82419214825504,-2.52946409816455,-1.15761307406807,-1.03981103387303,-1.94115480620844,-2.47723002585911,-1.73868768839721,13,380,0.19468182,4.4322824,14.207686
Selection 3,CAGCCGACATGAGCGA-400.2.2,CAGCCGACATGAGCGA-400.2.2,990,400_minutes,Waterston_400_minutes,0.769465157989222,390,385,330-390,390-450,ABpxpaappaa,618,ASH,-4.8333655087546,-4.08491838172207,-2.71981204685321,-3.21682096088339,-3.38209733235138,-5.32465412199575,-4.96189149742955,13,385,0.2145872,4.502006,14.578079
Selection 3,AGGCCACCACACATGT-400.2.1,AGGCCACCACACATGT-400.2.1,987,400_minutes,Waterston_400_minutes,0.767133445389255,380,380,330-390,330-390,ABpxpaappaa,610,ASH,-3.4100537915791,-3.34843404425031,-3.1538474869347,-3.43382541755578,-2.59245151537014,-4.96815238055635,-4.8139405267716,13,380,0.19372472,4.660361,14.281938
Selection 3,CAAGAAAGTTACCAGT-400.2.1,CAAGAAAGTTACCAGT-400.2.1,1223,400_minutes,Waterston_400_minutes,0.950561503253353,370,390,390-450,330-390,ABpxpaappaa,714,ASH,-4.97404472940724,-4.66469601132281,-2.66824792626661,-3.14688443139869,-3.969629757264,-5.48879570136347,-4.40262775293276,13,390,0.19712998,4.416584,14.220401
Selection 3,AATCGGTCACAAGTAA-r17,AATCGGTCACAAGTAA-r17,1207,mixed,Murray_r17,0.938125702720193,400,380,330-390,390-450,ABpxpaappaa,795,ASH,1.18836088039277,1.63060759961183,-1.75766904265216,-1.40554948763588,3.23461492641356,0.445728936214698,-0.902172546633122,13,380,0.18610609,4.780499,14.221135
Selection 3,CACATAGTCACTTATC-400.2.1,CACATAGTCACTTATC-400.2.1,1059,400_minutes,Waterston_400_minutes,0.823094547788471,380,380,330-390,330-390,ABpxpaappaa,607,ASH,-3.70880792625289,-3.87343651589052,-3.32728386891118,-3.73938630566261,-3.10386681089078,-5.11079778968339,-4.31845107314481,13,380,0.1879311,4.488605,14.150214
Selection 3,ACGGAGAGTATAATGG-400.2.1,ACGGAGAGTATAATGG-400.2.1,825,400_minutes,Waterston_400_minutes,0.641220964991019,390,390,390-450,390-450,ABpxpaappaa,551,ASH,-5.15734399023469,-4.3678513362711,-2.52547134221874,-2.93809157077465,-3.57109764346872,-5.14582717822213,-4.33827686355548,13,390,0.1957315,4.504031,14.338637
Selection 3,CCATGTCGTTGCTCCT-400.2.2,CCATGTCGTTGCTCCT-400.2.2,987,400_minutes,Waterston_400_minutes,0.767133445389255,390,370,330-390,390-450,ABpxpaappaa,635,ASH,-3.0705971990743,-2.73983778849836,-2.4825607361219,-3.22606192459064,-2.2333634539571,-4.31585300301618,-4.1289486033244,13,370,0.20789856,4.598567,14.625982
Selection 3,TTTGGTTCATGGTAGG-r17,TTTGGTTCATGGTAGG-r17,1079,mixed,Murray_r17,0.83863929845492,390,375,330-390,390-450,ABpxpaappaa,638,ASH,-2.44640965727971,-1.8515552844243,-2.96659590915322,-3.097410461404,0.179855918603893,-2.91662992839157,-3.46281611324627,13,375,0.21649139,4.696375,14.6749935
Selection 3,CCTACACGTTAAAGAC-400.2.3,CCTACACGTTAAAGAC-400.2.3,1021,400_minutes,Waterston_400_minutes,0.793559521522218,390,400,390-450,390-450,ABpxpaappaa,583,ASH,-3.86544688521775,-2.27505834622834,-2.43127015303626,-3.50746882520875,-0.953594900427123,-4.07413260154089,-4.55832165494142,13,400,0.22989243,4.6257105,14.949946
Selection 3,AAGGTTCAGTCTTGCA-400.2.2,AAGGTTCAGTCTTGCA-400.2.2,1008,400_minutes,Waterston_400_minutes,0.783455433589026,390,390,390-450,390-450,ABpxpaappaa,626,ASH,-4.50323718724764,-3.42211677835445,-2.54827956958581,-3.36659757414157,-2.82748973161744,-5.29322548823091,-5.40520039238297,13,390,0.22101046,4.584285,14.580837
Selection 3,CACAGTAGTAGCGATG-300.1.2,CACAGTAGTAGCGATG-300.1.2,1298,300_minutes,Waterston_300_minutes,1.00885431825254,390,380,330-390,390-450,ABpxpaappaa,751,ASH,-3.41886164679201,-3.17925953123162,-2.65646541262161,-3.49875580772772,-2.64265902911855,-4.6000875613897,-4.0630075050804,13,380,0.18858598,4.554404,14.213218
Selection 3,CGACCTTTCAACGCTA-r17,CGACCTTTCAACGCTA-r17,1127,mixed,Murray_r17,0.875946700054398,420,395,390-450,390-450,ABpxpaappaa,730,ASH,-2.75768204516707,-1.82100326523039,-1.33451093309938,-2.07514419538457,-0.226269259126399,-3.02346704116141,-3.65039484831295,13,395,0.2366649,4.647488,14.899137
Selection 3,GTAACGTGTACCGAGA-400.2.3,GTAACGTGTACCGAGA-400.2.3,976,400_minutes,Waterston_400_minutes,0.758583832522708,380,380,330-390,330-390,ABpxpaappaa,612,ASH,-1.54570969062199,-0.675958004452468,-2.48781943874986,-3.34786769426753,-0.200202853684731,-3.6464607483651,-4.78960192944212,13,380,0.18824594,4.7219577,14.304022
Selection 3,ACATCAGTCTCGCTTG-400.2.3,ACATCAGTCTCGCTTG-400.2.3,953,400_minutes,Waterston_400_minutes,0.740707369256292,380,380,330-390,330-390,ABpxpaappaa,602,ASH,-2.41451842777078,-0.589701374791306,-0.695284811402306,-2.03435880752921,-0.515042151610815,-2.84072203673269,-3.40663879565814,13,380,0.184804,4.6685,14.230228
Selection 3,GTACTCCGTCAGGACA-400.2.1,GTACTCCGTCAGGACA-400.2.1,879,400_minutes,Waterston_400_minutes,0.683191791790431,390,415,390-450,390-450,ABpxpaappaa,533,ASH,-4.83604810275358,-3.20312946007513,-1.37921763681049,-1.73476302003544,-2.29795918038122,-4.04019937360715,-4.1865245679145,13,415,0.22758126,4.51136,14.731293
Selection 3,AAATGCCGTTATCGGT-400.2.1,AAATGCCGTTATCGGT-400.2.1,1185,400_minutes,Waterston_400_minutes,0.9210264769871,410,390,390-450,390-450,ABpxpaappaa,712,ASH,-5.32237559310556,-3.77592145298604,-1.15166423356726,-2.05166598196328,-3.56009214295282,-5.22445231510051,-5.11334539996721,13,390,0.19575761,4.582326,14.342669
Selection 3,CATCAAGTCTACTCAT-r17,CATCAAGTCTACTCAT-r17,1307,mixed,Murray_r17,1.01584945605244,420,450,450-510,390-450,ABpxpaappaa,823,ASH,-0.30834509132562,0.689473105877788,-1.42671498162777,-1.84755037726682,3.1979968638654,-0.320494794725792,-1.72097018747004,13,450,0.2863712,4.4857054,15.294539
Selection 3,CCTACACTCTTGTCAT-400.2.1,CCTACACTCTTGTCAT-400.2.1,1037,400_minutes,Waterston_400_minutes,0.805995322055377,380,380,330-390,330-390,ABpxpaappaa,611,ASH,-2.24382115871185,-1.69204286643547,-2.6159959592159,-2.96545507421415,-0.812718494604526,-3.20608468009913,-3.39943321771501,13,380,0.18958414,4.623117,14.142009
Selection 3,TGGTTCCCAGAAGCAC-400.2.1,TGGTTCCCAGAAGCAC-400.2.1,2150,400_minutes,Waterston_400_minutes,1.67106069664326,390,380,330-390,390-450,ABpxpaappaa,1097,ASH,-4.92995201594916,-4.59280780950545,-3.36134699781921,-4.02652066894642,-4.29578223538604,-6.12217179582566,-5.37804501472882,13,380,0.1787321,4.5479164,14.025655
Selection 3,CGGAGTCCACACCGCA-300.1.3,CGGAGTCCACACCGCA-300.1.3,1312,300_minutes,Waterston_300_minutes,1.01973564371905,380,380,330-390,330-390,ABpxpaappaa,782,ASH,-1.79085796412998,-1.78146027463642,-2.31921283307755,-3.3708955434368,-1.92898308409098,-3.93048712501117,-3.66458750086849,13,380,0.17609248,4.4442773,13.963991
Selection 3,AAAGTAGGTTGGTAAA-400.2.1,AAAGTAGGTTGGTAAA-400.2.1,3519,400_minutes,Waterston_400_minutes,2.73509887976169,340,380,330-390,330-390,ABpxpaappaa,1544,ASH,3.33715863532001,2.73035500464898,-2.96680821199354,-3.38426390542952,3.94216639896413,-0.17307374055943,-1.87961561886067,13,380,0.13907713,4.819417,13.91576
Selection 3,ATTGGACGTTATGTGC-400.2.2,ATTGGACGTTATGTGC-400.2.2,989,400_minutes,Waterston_400_minutes,0.7686879204559,370,380,330-390,330-390,ABpxpaappaa,580,ASH,-2.38963716819459,-2.51200647099451,-3.13501008860328,-3.05083092042627,-1.60244436987826,-3.43786765502622,-2.9951978243372,13,380,0.18131253,4.5209365,13.984726
Selection 3,CCTTCGAGTATGCTTG-400.2.1,CCTTCGAGTATGCTTG-400.2.1,1937,400_minutes,Waterston_400_minutes,1.50550910204558,380,380,330-390,330-390,ABpxpaappaa,1038,ASH,-2.39786506903218,-2.82514815752785,-3.19234284771172,-3.71544319484491,-2.49726108091814,-4.63611263349732,-4.47836245797106,13,380,0.17141463,4.541167,13.968365
Selection 3,TCATTTGGTCTCTTAT-400.2.2,TCATTTGGTCTCTTAT-400.2.2,1047,400_minutes,Waterston_400_minutes,0.813767697388602,380,390,390-450,330-390,ABpxpaappaa,631,ASH,-2.91479805991115,-2.63827220662185,-2.42261115788597,-2.99656953762178,-2.32402500407877,-4.31317277999204,-4.3367024236266,13,390,0.18495384,4.516855,14.142527
Selection 3,GTAACGTGTATCTGCA-b01,GTAACGTGTATCTGCA-b01,920,mixed,Murray_b01,0.715058530656651,370,375,330-390,330-390,ABpxpaappaa,618,ASH,-3.17556082307835,-3.63732797139064,-2.30054040431521,-2.2581892904519,-2.35714653453232,-2.92673820509558,-1.49293251614213,13,375,0.18582189,4.4603844,14.09316
Selection 3,GGTGTTACACACCGCA-400.2.3,GGTGTTACACACCGCA-400.2.3,1081,400_minutes,Waterston_400_minutes,0.840193773521565,360,350,330-390,330-390,ABpxpaappaa,675,ASH,-1.06801549648786,-0.991579845049203,-2.45929753101635,-2.86446081236483,-1.24936814150101,-3.22075553601617,-3.3707481518018,13,350,0.16409005,4.547956,13.72355
Selection 3,TAGTTGGTCAACACAC-400.2.2,TAGTTGGTCAACACAC-400.2.2,1837,400_minutes,Waterston_400_minutes,1.42778534871333,410,390,390-450,390-450,ABalpppapav/ABpraaaapav,1012,AFD,-5.14126761773348,-4.22124416434383,-2.93423888808967,-3.32145782073607,-4.06409799534779,-5.55863454328495,-4.7472863261038,13,390,0.15572739,4.614374,13.7614
Selection 3,TACGGTAAGACATAAC-400.2.2,TACGGTAAGACATAAC-400.2.2,1496,400_minutes,Waterston_400_minutes,1.16274734985038,390,380,330-390,390-450,ABpxpaappaa,822,ASH,-5.1578096874474,-3.96066153563877,-2.13381165651752,-3.00318112867574,-4.03772369901545,-5.75936464791725,-5.3819607712587,13,380,0.18863885,4.561508,14.042138
Selection 3,GCTTGAAAGTCTCCTC-b01,GCTTGAAAGTCTCCTC-b01,723,mixed,Murray_b01,0.561942736592129,350,380,330-390,330-390,ABpxpaappaa,515,ASH,0.658005042564135,0.8404243419116,-0.753338191581931,-0.924621000047225,2.04364476573457,1.02080405044552,1.26725171678356,13,380,0.15535304,4.547968,13.567788
Selection 3,GATCGATGTAGATTAG-400.2.3,GATCGATGTAGATTAG-400.2.3,802,400_minutes,Waterston_400_minutes,0.623344501724602,360,350,330-390,330-390,ABpxpaappaa,488,ASH,-1.457515959115,-1.66649958112895,-2.58290676781081,-3.19050197210595,-2.02584904108552,-3.40702595049165,-2.68410260769321,13,350,0.1584586,4.4235005,13.710571
Selection 3,AAAGCAACAAGTCTAC-r17,AAAGCAACAAGTCTAC-r17,1115,mixed,Murray_r17,0.866619849654528,380,380,330-390,330-390,ABpxpaappaa,735,ASH,1.53787214556027,2.2327722300867,-1.3879768644583,-2.14806394296745,3.52113269329885,0.525443708626619,-0.750995908714037,13,380,0.18806787,4.818928,14.411156
Selection 3,ATCACGATCCGGGTGT-400.2.3,ATCACGATCCGGGTGT-400.2.3,1136,400_minutes,Waterston_400_minutes,0.8829418378543,410,385,330-390,390-450,ABpxpaappaa,682,ASH,-7.80150742152417,-6.32640694249901,-2.79489059063641,-3.2826010358249,-5.48371669773227,-7.20872255247513,-6.50008972074548,13,385,0.21847816,4.127326,14.604025
Selection 3,GCACATACATGATCCA-b02,GCACATACATGATCCA-b02,849,mixed,Murray_b02,0.659874665790757,410,390,390-450,390-450,ABpxpaappaa,597,ASH,-2.92401116772876,-2.63140401684495,0.725009834958771,1.03750171164809,-2.11831423877585,0.0552029895917331,2.31701619254096,13,390,0.1549662,4.0618844,13.671734
Selection 3,CGCTTCACACCATGTA-r17,CGCTTCACACCATGTA-r17,1498,mixed,Murray_r17,1.16430182491703,450,440,390-450,450-510,ABpxpaappaa,857,ASH,-5.78979774469857,-3.56830539894617,-1.57576819421676,-2.08587945373489,-0.823899501029451,-4.22640777506576,-5.27416851837265,13,440,0.35562602,4.202492,15.683478
Selection 3,CGACCTTAGTGAACAT-500.1.1,CGACCTTAGTGAACAT-500.1.1,1494,500_minutes,Waterston_500_minutes_batch_1,1.16119287478374,380,380,330-390,330-390,ABpxpaappaa,866,ASH,-5.8360272875035,-2.72038092786012,1.95990900197996,1.18042225457551,-3.36356921870743,-3.12850087617437,-2.5295420831566,13,380,0.21325307,3.9957056,14.479622
Selection 3,TTTACTGCATCCAACA-400.2.3,TTTACTGCATCCAACA-400.2.3,792,400_minutes,Waterston_400_minutes,0.615572126391378,360,360,330-390,330-390,ABpxpaappaa,495,ASH,-1.32501151012349,-1.68187165494884,-2.14389053763392,-2.74258862924092,-1.9245643535214,-3.01451271895657,-2.24279314998202,13,360,0.15624967,4.1306415,13.585752
Selection 3,ACCCACTTCCTAGAAC-400.2.1,ACCCACTTCCTAGAAC-400.2.1,1937,400_minutes,Waterston_400_minutes,1.50550910204558,430,425,390-450,390-450,ABpxpaappaa,994,ASH,-4.95873915005491,-3.3047893447159,-1.40856813854154,-2.19352982546774,-2.62133696106298,-4.38274106516261,-4.608719533235,13,425,0.3248505,3.9964535,15.511992
Selection 3,TCACGAAAGTGCCAGA-500.1.1,TCACGAAAGTGCCAGA-500.1.1,974,500_minutes,Waterston_500_minutes_batch_1,0.757029357456063,350,360,330-390,330-390,,636,ASG_AWA,-0.575748945797059,1.68872481840556,3.90677614591347,2.79618823874206,-0.820893389141803,0.186527040356851,-0.083143644485061,13,360,0.16012284,4.1351266,13.584378
Selection 3,GGATGTTAGACTTGAA-400.2.3,GGATGTTAGACTTGAA-400.2.3,958,400_minutes,Waterston_400_minutes,0.744593556922904,410,405,390-450,390-450,ABpxpaappaa,635,ASH,-6.60654638808586,-5.94635858494287,-3.18193253547237,-3.62163804718852,-4.54597691759821,-6.12853835693191,-5.10493483429414,13,405,0.25499073,4.182881,14.959868
Selection 3,CTCGGAGTCACTCCTG-b01,CTCGGAGTCACTCCTG-b01,1152,mixed,Murray_b01,0.895377638387459,360,380,330-390,330-390,ABpxpaappaa,738,ASH,3.11408645030125,1.88045050636782,-1.45215874424214,-1.01992003264347,4.00961505252999,3.21534650033432,4.11983819853568,13,380,0.15556663,3.9901564,13.610884
Selection 3,GGACAGAAGGTAGCCA-400.2.2,GGACAGAAGGTAGCCA-400.2.2,835,400_minutes,Waterston_400_minutes,0.648993340324243,390,370,330-390,390-450,ABpxpaappaa,509,ASH,-3.37926877348849,-2.14959245098953,-1.74836197689958,-2.71178849750829,-1.51534857794835,-3.97463323713746,-4.32555533810248,13,370,0.22294131,4.1996284,14.65154
Selection 3,TATGCCCTCCGGGTGT-400.2.3,TATGCCCTCCGGGTGT-400.2.3,1394,400_minutes,Waterston_400_minutes,1.08346912145149,370,380,330-390,330-390,,806,,-3.45848250642498,-3.81068010209372,-3.20155991413353,-3.55743608777246,-3.84427524072497,-5.05228127288351,-4.01566211225129,13,380,0.15562643,4.156181,13.584212
Selection 3,CATCAGAGTTCGGGCT-r17,CATCAGAGTTCGGGCT-r17,991,mixed,Murray_r17,0.770242395522545,450,490,450-510,450-510,ABpxpaappaa,654,ASH,-3.67041311756399,-3.27343970558201,-2.4498457647236,-2.48880513012192,-0.166391447072383,-2.1097306716881,-1.80273059083841,13,490,0.3272985,4.1407166,15.494661
Selection 3,GATCGCGAGTACGCGA-400.2.1,GATCGCGAGTACGCGA-400.2.1,1093,400_minutes,Waterston_400_minutes,0.849520623921434,410,405,390-450,390-450,ABpxpaappaa,683,ASH,-5.78326143463404,-4.9082166168236,-2.23149234033162,-2.81611228258607,-4.06844596773864,-5.26834987268823,-4.20070618295529,13,405,0.26923105,4.147774,15.083271
Selection 3,TAGAGCTAGTACGCGA-b02,TAGAGCTAGTACGCGA-b02,681,mixed,Murray_b02,0.529298760192586,360,400,390-450,330-390,ABpxpaappaa,490,ASH,1.50027436562235,-0.0992384633362072,-1.6819798215531,-1.21380949948544,1.99153324447321,2.22766413704093,4.03811477368997,13,400,0.14926438,3.981619,13.714489
Selection 3,ACAGCCGAGAGTGAGA-r17,ACAGCCGAGAGTGAGA-r17,1383,mixed,Murray_r17,1.07491950858494,510,490,450-510,510-580,ABpxpaappaa,790,ASH,-3.49801088305897,-1.38322009419674,-0.695433750679188,-1.85871366757788,0.697050905530932,-2.74827515670324,-4.63080568292369,13,490,0.38951758,4.00686,15.954936
Selection 3,CGTGAGCGTGTTGGGA-400.2.3,CGTGAGCGTGTTGGGA-400.2.3,1135,400_minutes,Waterston_400_minutes,0.882164600320977,450,440,390-450,450-510,ABpxpaappaa,748,ASH,-8.17362002912031,-6.77334502265796,-2.45389358227391,-2.83209434515728,-5.29254795386823,-6.63120168809606,-5.87168009089329,13,440,0.35181317,4.0037975,15.810743
Selection 3,AGGCCACCAGGACGTA-b01,AGGCCACCAGGACGTA-b01,691,mixed,Murray_b01,0.537071135525811,550,400,390-450,510-580,ABpxpaappaa,530,ASH,-3.32072848706262,-3.49825975458596,-1.37341246749245,-0.561943396006093,-0.918184394212682,0.184635220009556,2.10355269284269,13,400,0.2352607,4.011224,14.770175
Selection 3,ACCAGTACAGTTAACC-500.2.1,ACCAGTACAGTTAACC-500.2.1,778,500_minutes,Waterston_500_minutes_batch_2,0.604690800924864,390,410,390-450,390-450,ABpxpaappaa,547,ASH,-4.10376335608931,-1.20573219907883,4.60720334250466,5.17802679760092,-1.70778615313693,-0.0660377108348394,0.22883310865875,13,410,0.2342358,4.0778165,14.700199
Selection 3,TTCTTAGAGGCCATAG-400.2.1,TTCTTAGAGGCCATAG-400.2.1,1126,400_minutes,Waterston_400_minutes,0.875169462521075,430,405,390-450,390-450,ABpxpaappaa,748,ASH,-8.1545556548313,-7.31398330419547,-2.94657794997122,-3.2296773614671,-5.87554105413344,-6.66592784780747,-4.9992643826285,13,405,0.25595987,4.040096,15.007128
Selection 3,TCTGGAAGTCGAAAGC-500.1.3,TCTGGAAGTCGAAAGC-500.1.3,1383,500_minutes,Waterston_500_minutes_batch_1,1.07491950858494,390,390,390-450,390-450,ABpxpaappaa,785,ASH,-6.76472236149999,-5.491171460553,-1.96644137388046,-2.49779842438254,-4.77420388248753,-5.60589466963277,-4.25511923082265,13,390,0.23160361,4.0560117,14.764908
Selection 3,CCAGCGACATACCATG-400.2.2,CCAGCGACATACCATG-400.2.2,2391,400_minutes,Waterston_400_minutes,1.85837494217397,350,450,450-510,330-390,ABpxpaappaa,1187,ASH,-0.628026706671911,-2.18045706179386,-4.36410942196756,-4.5675589278498,-1.32439532969916,-4.53719733778258,-5.17747119412835,13,450,0.21590835,4.1210275,14.679555
Selection 3,TACCTATAGTGTGAAT-300.1.1,TACCTATAGTGTGAAT-300.1.1,1046,300_minutes,Waterston_300_minutes,0.812990459855279,390,385,330-390,390-450,ABpxpaappaa,651,ASH,-5.72800795458477,-5.15174940255693,-2.93259792126982,-3.38938899359286,-4.44001544205054,-5.97903886481691,-5.08031133845872,13,385,0.21504958,4.09477,14.501873
Selection 3,CAGAATCCAGACTCGC-500.1.3,CAGAATCCAGACTCGC-500.1.3,945,500_minutes,Waterston_500_minutes_batch_1,0.734489468989712,380,375,330-390,330-390,ABpxpaappaa,550,ASH,-5.15197822695012,-4.40055187128828,-1.87975417931179,-2.401109544688,-3.79874612677797,-4.6848911762986,-3.39380976976611,13,375,0.20988098,4.0436363,14.509554
Selection 3,GGCTCGATCGAACGGA-b01,GGCTCGATCGAACGGA-b01,930,mixed,Murray_b01,0.722830905989876,450,425,390-450,450-510,ABpxpaappaa,625,ASH,-5.90693992598,-4.87280388315765,-1.95197885037273,-2.14859180058741,-3.17422733790349,-3.95485932654455,-3.05488514951836,13,425,0.24643426,4.04553,15.00703
Selection 3,AACTCTTCAAGGTTTC-400.2.2,AACTCTTCAAGGTTTC-400.2.2,1128,400_minutes,Waterston_400_minutes,0.87672393758772,450,415,390-450,450-510,ABpxpaappaa,694,ASH,-7.02139110980467,-5.5873721588987,-2.81763112151255,-3.11649903552039,-3.73968330990972,-5.99923146419386,-5.79635037360361,13,415,0.31429142,4.0457277,15.44053
Selection 3,CACTCCACACCTCGGA-400.2.1,CACTCCACACCTCGGA-400.2.1,1181,400_minutes,Waterston_400_minutes,0.91791752685381,390,405,390-450,390-450,ABpxpaappaa,694,ASH,-3.7197214922667,-3.04089311473813,-2.33582907693825,-2.90537710485161,-2.32730969037531,-4.44094197239259,-4.40182124915459,13,405,0.25230688,4.1134233,15.005725
Selection 3,TCGGTAATCCAATGGT-b01,TCGGTAATCCAATGGT-b01,3856,mixed,Murray_b01,2.99702792849136,390,380,330-390,390-450,,1786,ASG_AWA,-2.70170441645874,-2.38675916910872,-2.21228839180374,-2.15568590061145,-1.66268475719142,-2.24651079603931,-1.35052355661508,13,380,0.16640905,4.1955094,13.813984
Selection 3,CGATTGATCACATACG-b01,CGATTGATCACATACG-b01,640,mixed,Murray_b01,0.497432021326366,360,400,390-450,330-390,ABpxpaappaa,485,ASH,-0.754995498297666,-1.65752843143981,-2.03974020355441,-0.851094710434554,0.327609195477519,1.41774834515089,3.4193063616017,13,400,0.18040109,4.127911,14.071928
Selection 3,TGGCTGGGTGAGGCTA-b01,TGGCTGGGTGAGGCTA-b01,526,mixed,Murray_b01,0.408826942527607,410,395,390-450,390-450,ABpxpaappaa,404,ASH,-3.1538723471497,-2.62721516294198,-0.449974809060067,-0.178329409658099,-1.71405193482186,-0.955044639701617,0.839397324717502,13,395,0.21891116,4.0507803,14.661249
Selection 3,CCTACACAGAAGGTGA-400.2.2,CCTACACAGAAGGTGA-400.2.2,3276,400_minutes,Waterston_400_minutes,2.54623015916434,410,380,330-390,390-450,ABpxpaappaa,1565,ASH,-5.11419601441112,-4.30036205364316,-2.7858314053476,-3.30516928431398,-3.51464894570364,-5.14543163778713,-4.63667732964607,13,380,0.17883047,4.1275244,14.106156
Selection 3,CAGTAACCATCTGGTA-500.1.2,CAGTAACCATCTGGTA-500.1.2,1236,500_minutes,Waterston_500_minutes_batch_1,0.960665591186544,390,390,390-450,390-450,ABpxpaappaa,709,ASH,-6.67019080948864,-5.55313597488204,-1.93585627898193,-2.49652053018875,-5.70493285376938,-6.30149054373398,-5.22570812825189,13,390,0.19602782,4.0911565,14.2986145
Selection 3,GTCCTCACAGTTCCCT-300.1.2,GTCCTCACAGTTCCCT-300.1.2,1072,300_minutes,Waterston_300_minutes,0.833198635721663,360,350,330-390,330-390,ABpxpaappaa,633,ASH,-1.26745988070402,-2.32182784190572,-3.08920322525541,-3.3580761465485,-2.34130715612339,-3.37339337107913,-2.15888276810539,13,350,0.15282822,4.2040515,13.552344
Selection 3,GCGACCACACCACCAG-300.1.2,GCGACCACACCACCAG-300.1.2,1271,300_minutes,Waterston_300_minutes,0.98786890485283,380,375,330-390,330-390,ABpxpaappaa,744,ASH,-5.39663537688426,-4.91679617631708,-3.055970362364,-3.59243030749304,-4.1543346176188,-6.17779067897267,-5.55693671283466,13,375,0.2032186,4.271362,14.338567
Selection 3,CGTGAGCAGAATTCCC-400.2.2,CGTGAGCAGAATTCCC-400.2.2,983,400_minutes,Waterston_400_minutes,0.764024495255965,380,390,390-450,330-390,ABpxpaappaa,598,ASH,-4.23459495674248,-3.71508005231005,-2.22746752913132,-3.04293110430061,-3.71079804673042,-5.14213382032683,-4.42157304891411,13,390,0.18661919,4.2834916,14.13212
Selection 3,CTTAGGATCAGAAATG-400.2.3,CTTAGGATCAGAAATG-400.2.3,1066,400_minutes,Waterston_400_minutes,0.828535210521728,380,380,330-390,330-390,ABpxpaappaa,644,ASH,-2.56889444887601,-2.53874016745207,-2.60653851568527,-3.27756486186055,-2.74570482336103,-4.75639779987666,-4.63367400857097,13,380,0.16518715,4.2584124,13.855171
Selection 3,AGCGTCGCATATGCTG-300.1.3,AGCGTCGCATATGCTG-300.1.3,2074,300_minutes,Waterston_300_minutes,1.61199064411075,360,390,390-450,330-390,ABpxpaappaa,1181,ASH,0.680289922685188,-0.674457827859535,-3.05643702214595,-3.75799148798968,0.592746020271278,-1.54042990669746,-1.23918213607198,13,390,0.1626108,4.2740474,13.889645
Selection 3,GCATGATGTTGTCTTT-400.2.3,GCATGATGTTGTCTTT-400.2.3,891,400_minutes,Waterston_400_minutes,0.6925186421903,450,420,390-450,450-510,ABpxpaappaa,555,ASH,-7.95769052423326,-5.81418473571113,-1.94661475640507,-2.77187970141049,-4.31544558921514,-6.86033659539296,-7.24673396427456,13,420,0.29346776,4.2892194,15.278275
Selection 3,GTATCTTAGCCGGTAA-400.2.2,GTATCTTAGCCGGTAA-400.2.2,1185,400_minutes,Waterston_400_minutes,0.9210264769871,490,440,390-450,450-510,ABpxpaappaa,664,ASH,-6.37790518257224,-4.22355054950242,-3.21736412900222,-3.37504895861166,-1.94483016893139,-6.15912779880113,-7.6523031197549,13,440,0.31789163,4.2444887,15.485669
Selection 3,GTGTTAGTCGCCAAAT-400.2.3,GTGTTAGTCGCCAAAT-400.2.3,1917,400_minutes,Waterston_400_minutes,1.48996435137913,350,350,330-390,330-390,,1057,,-2.06169189013256,-1.97213314693912,-2.47594857768944,-2.4539378996796,-1.95184444936667,-3.00244744780616,-2.4708391426082,13,350,0.14753747,4.2848253,13.698106
Selection 3,TCTGGAAAGAGTCGGT-400.2.1,TCTGGAAAGAGTCGGT-400.2.1,1502,400_minutes,Waterston_400_minutes,1.16741077505032,360,360,330-390,330-390,ABpxpaappaa,827,ASH,-0.319148989194047,-0.916758834618785,-2.458925118538,-3.20185486754629,-1.07138131350166,-3.04893694340711,-2.92098196435275,13,360,0.15054435,4.290673,13.662098
Selection 3,CTGCTGTGTCACAAGG-400.2.1,CTGCTGTGTCACAAGG-400.2.1,1022,400_minutes,Waterston_400_minutes,0.794336759055541,450,400,390-450,450-510,ABpxpaappaa,606,ASH,-6.30960272525035,-4.87144417498655,-2.60865058916325,-3.50739043906023,-3.29141836649724,-6.17789881223169,-6.18124247445307,13,400,0.28149894,4.3323073,15.265256
Selection 3,GACGGCTGTAGTGAAT-300.1.1,GACGGCTGTAGTGAAT-300.1.1,1051,300_minutes,Waterston_300_minutes,0.816876647521892,410,390,390-450,390-450,ABpxpaappaa,649,ASH,-5.01927609182329,-4.41303856777626,-2.52179668835188,-3.26402833078378,-4.16231402485885,-5.89851033709102,-5.2947226058854,13,390,0.21790664,4.3380103,14.594398
Selection 3,CTCGTCAGTTCCACTC-400.2.3,CTCGTCAGTTCCACTC-400.2.3,1019,400_minutes,Waterston_400_minutes,0.792005046455573,450,450,450-510,450-510,ABpxpaappaa,658,ASH,-5.62961808381335,-4.4160253738513,-2.55564471526516,-3.13632392250763,-2.86780425957966,-5.78944908662442,-6.48873236739197,13,450,0.31545898,4.22209,15.547486
Selection 3,AAGTCTGGTCGGCATC-b01,AAGTCTGGTCGGCATC-b01,507,mixed,Murray_b01,0.394059429394481,350,380,330-390,330-390,ABpxpaappaa,373,ASH,0.777315882167147,-0.0420138185136507,-1.42509307245279,-1.46501901313311,0.912084875361182,0.58489734734186,1.47627989386932,13,380,0.15770666,4.210099,13.558491
Selection 3,CCACGGAGTGTGCGTC-400.2.1,CCACGGAGTGTGCGTC-400.2.1,836,400_minutes,Waterston_400_minutes,0.649770577857566,380,380,330-390,330-390,ABpxpaappaa,531,ASH,-1.54588846898017,-1.61239556128868,-2.38848706386915,-3.22855034869686,-1.8330125864346,-3.9238853351534,-3.82067478283258,13,380,0.17083073,4.3397374,13.792209
Selection 3,TGCCCATAGATCGATA-400.2.3,TGCCCATAGATCGATA-400.2.3,851,400_minutes,Waterston_400_minutes,0.661429140857402,420,390,390-450,390-450,ABpxpaappaa,554,ASH,-5.40038193410102,-3.36272246582988,-0.943684643235653,-1.39995453848044,-2.87408937991394,-4.49329501079177,-4.83514735793018,13,390,0.25522384,4.342682,15.086259
Selection 3,ACGTCAAAGTAATCCC-400.2.3,ACGTCAAAGTAATCCC-400.2.3,1101,400_minutes,Waterston_400_minutes,0.855738524188014,390,415,390-450,390-450,ABpxpaappaa,683,ASH,-5.35897406161846,-3.69236962577497,-2.05203335105179,-2.99395146757852,-2.44394682296611,-4.99097061503212,-5.06389735652381,13,415,0.24442974,4.3445687,14.989252
Selection 3,AGGGTGAGTCAAACTC-400.2.2,AGGGTGAGTCAAACTC-400.2.2,834,400_minutes,Waterston_400_minutes,0.648216102790921,350,360,330-390,330-390,ABpxpaappaa,526,ASH,-0.048296220494793,-1.49297622513671,-2.76068926161914,-2.90491049012198,-1.70333452021894,-2.54354876415891,-1.6512289756308,13,360,0.14984323,4.16047,13.348538
Selection 3,CTCTAATGTTTGACAC-400.2.2,CTCTAATGTTTGACAC-400.2.2,830,400_minutes,Waterston_400_minutes,0.645107152657631,350,350,330-390,330-390,ABpxpaappaa,538,ASH,-0.894975341717254,-1.74625444098315,-2.94906938780717,-3.1452913105228,-1.71247553824225,-2.81631517133707,-1.93901289902069,13,350,0.14939474,4.271414,13.343289
Selection 3,TCGGGACCAATCCGAT-400.2.1,TCGGGACCAATCCGAT-400.2.1,1649,400_minutes,Waterston_400_minutes,1.28166469244871,370,375,330-390,330-390,ABpxpaappaa,879,ASH,-0.285973586125682,-0.588275925927368,-2.35539463285189,-2.68536630827772,-0.716485524644702,-2.41995238247676,-2.2037144790443,13,375,0.14493819,4.3922634,13.478288
Selection 3,CTGATAGAGCGAGAAA-400.2.3,CTGATAGAGCGAGAAA-400.2.3,896,400_minutes,Waterston_400_minutes,0.696404829856912,330,350,330-390,330-390,ABpxpaappaa,557,ASH,0.708788957552997,-0.963867428839223,-3.30845158615613,-3.31624224949443,-1.12845253210172,-2.83529985242161,-2.42215220232946,13,350,0.12686442,4.3226457,12.860802
Selection 3,CAGTCCTCATACTACG-400.2.2,CAGTCCTCATACTACG-400.2.2,992,400_minutes,Waterston_400_minutes,0.771019633055867,300,300,270-330,270-330,,621,,1.01866963184522,-0.345591383871799,-2.33287411819978,-2.49254259381907,-1.27121010171535,-2.31171935177168,-1.83076108248927,13,300,0.1106938,4.394888,12.517547
Selection 3,CTGGTCTAGCTTTGGT-500.1.1,CTGGTCTAGCTTTGGT-500.1.1,748,500_minutes,Waterston_500_minutes_batch_1,0.58137367492519,360,350,330-390,330-390,ABpxpaappaa,515,ASH,0.741118047694674,2.23797405876159,3.94495606926266,3.15027353775286,-0.0429430931295699,1.1237897071567,1.22611563906863,13,350,0.14883725,4.0374174,13.409931
Selection 3,CGGCTAGGTCCGCTGA-300.1.2,CGGCTAGGTCCGCTGA-300.1.2,1080,300_minutes,Waterston_300_minutes,0.839416535988243,350,350,330-390,330-390,ABpxpaappaa,679,ASH,-0.0759187395936323,-1.63239372790709,-3.5854971248456,-3.70617503898692,-1.6500952498195,-3.21150986475149,-2.5508760466563,13,350,0.12135066,4.2356706,12.767988
Selection 3,CCTATTACATTGTGCA-300.1.2,CCTATTACATTGTGCA-300.1.2,1015,300_minutes,Waterston_300_minutes,0.788896096322284,340,350,330-390,330-390,ABpxpaappaa,635,ASH,1.72640605879553,-0.17884701612233,-2.93952533330886,-3.21794539741893,-0.5239863493984,-1.78704654741584,-1.14577011381243,13,350,0.11200157,4.403696,12.62621
Selection 3,GGCTCGACATGTTGAC-400.2.2,GGCTCGACATGTTGAC-400.2.2,956,400_minutes,Waterston_400_minutes,0.743039081856259,350,345,330-390,330-390,ABpxpaappaa,580,ASH,0.201122026929744,-0.625135947332681,-2.98693102325608,-3.4969183184998,-1.1796711246312,-3.18028174063028,-3.07458306086568,13,345,0.121643275,4.385494,12.72784
Selection 3,CACAAACTCATCACCC-300.1.2,CACAAACTCATCACCC-300.1.2,1179,300_minutes,Waterston_300_minutes,0.916363051787165,360,380,330-390,330-390,ABpxpaappaa,706,ASH,0.412352325955845,-1.18229949259177,-2.74641894179779,-3.27224817429991,-1.36574838845418,-2.65362035703912,-2.01639703521457,13,380,0.13537213,4.2451754,13.092164
Selection 3,AAGCCGCCAGGTCTCG-300.1.2,AAGCCGCCAGGTCTCG-300.1.2,1026,300_minutes,Waterston_300_minutes,0.79744570918883,330,350,330-390,330-390,ABpxpaappaa,637,ASH,2.12208944412869,-0.112314416965279,-3.34967518113986,-3.04640288170225,-0.182681834495074,-1.59495644864114,-1.29211699653513,13,350,0.11324565,4.3636494,12.56063
Selection 3,TCAACGAGTCGAACAG-300.1.3,TCAACGAGTCGAACAG-300.1.3,1015,300_minutes,Waterston_300_minutes,0.788896096322284,320,320,270-330,270-330,,628,,1.86905953367946,-0.364326458884922,-3.73014283427117,-3.39387754717994,-0.491245552426222,-2.28465754238245,-2.19658177578379,13,320,0.113694,4.3420753,12.522942
Selection 3,ACATCAGGTTTGGCGC-400.2.1,ACATCAGGTTTGGCGC-400.2.1,1040,400_minutes,Waterston_400_minutes,0.808327034655345,350,350,330-390,330-390,ABpxpaappaa,664,ASH,0.841242843869779,-0.320270118918541,-2.65010379332292,-3.04087005760652,-0.361665977181134,-2.10383836532972,-1.93919753939823,13,350,0.13143976,4.390599,13.012498
Selection 3,GCATGATAGTACTTGC-400.2.2,GCATGATAGTACTTGC-400.2.2,930,400_minutes,Waterston_400_minutes,0.722830905989876,340,350,330-390,330-390,ABpxpaappaa,581,ASH,0.826104878789901,-0.189072702825734,-2.46830712267124,-2.47399047269341,-0.71787372913721,-1.98770528391749,-1.84056218282183,13,350,0.12225571,4.325073,12.77801
Selection 3,CGCTATCTCCTATGTT-500.1.1,CGCTATCTCCTATGTT-500.1.1,1405,500_minutes,Waterston_500_minutes_batch_1,1.09201873431804,350,350,330-390,330-390,ABpxpaappaa,865,ASH,-0.237157758598368,0.590029152394726,1.89450157067337,1.73461074194475,-0.863462154675668,0.856477784829312,1.68709626294163,13,350,0.13385603,4.3372984,12.973208
Selection 3,GGAGCAATCCAGTAGT-400.2.3,GGAGCAATCCAGTAGT-400.2.3,1120,400_minutes,Waterston_400_minutes,0.87050603732114,350,350,330-390,330-390,ABpxpaappaa,689,ASH,-0.592911199707861,-0.596607193553504,-1.73193922181107,-2.40779927910536,-0.9989533596374,-2.50501970803731,-2.12018186657284,13,350,0.14811394,4.2716136,13.380898
Selection 3,TGGTTCCTCTTTACGT-400.2.3,TGGTTCCTCTTTACGT-400.2.3,923,400_minutes,Waterston_400_minutes,0.717390243256618,360,350,330-390,330-390,ABpxpaappaa,572,ASH,0.405908961903688,-0.72468627111679,-2.74390685093004,-2.9524533793919,-0.624411070430498,-2.04974519983927,-1.59580876814713,13,350,0.1338449,4.2914753,13.276969
Selection 3,GGGTTGCCAAGCTGAG-400.2.2,GGGTTGCCAAGCTGAG-400.2.2,1015,400_minutes,Waterston_400_minutes,0.788896096322284,380,350,330-390,330-390,ABpxpaappaa,602,ASH,-3.0474519167978,-2.40659508339934,-1.90906958316337,-2.80645025919688,-2.75674179615449,-4.17545313612013,-3.85960154979435,13,350,0.14455749,4.4074516,13.228613
Selection 3,CAACCTCGTCTGGTCG-300.1.3,CAACCTCGTCTGGTCG-300.1.3,1076,300_minutes,Waterston_300_minutes,0.836307585854953,330,350,330-390,330-390,ABpxpaappaa,650,ASH,1.22590712540168,-0.842144110629296,-3.76640274784286,-3.6961966741033,-0.645408469543002,-2.54688183200717,-2.18944148753861,13,350,0.13052538,4.5594277,12.969903
Selection 3,CATGACAGTGAAAGAG-400.2.1,CATGACAGTGAAAGAG-400.2.1,904,400_minutes,Waterston_400_minutes,0.702622730123492,350,345,330-390,330-390,ABpxpaappaa,585,ASH,0.423337910094483,-1.52582009616219,-3.04017734368205,-3.4656121799432,-2.10363373442329,-3.10099760033523,-2.3047897581001,13,345,0.09002802,4.4391,12.175099
Selection 3,GTAACTGGTTTGACTG-400.2.1,GTAACTGGTTTGACTG-400.2.1,760,400_minutes,Waterston_400_minutes,0.59070052532506,350,340,330-390,330-390,ABpxpaappaa,448,ASH,3.31065748484409,2.11132750528138,-2.17781052124458,-2.47175993129278,2.05400891120159,-0.406059578521124,-1.19237011269904,13,340,0.12625499,4.413806,12.934147
Selection 3,AACTCCCCACTAAGTC-300.1.3,AACTCCCCACTAAGTC-300.1.3,1120,300_minutes,Waterston_300_minutes,0.87050603732114,340,350,330-390,330-390,ABpxpaappaa,650,ASH,1.18627824131423,-0.58853517560813,-3.04811272887969,-3.44757108887722,-1.49645843090577,-3.18370181319101,-3.13005860030404,13,350,0.117515646,4.425025,12.735269
Selection 3,TAGGCATAGGCTCAGA-400.2.1,TAGGCATAGGCTCAGA-400.2.1,787,400_minutes,Waterston_400_minutes,0.611685938724766,300,350,330-390,270-330,ABpxpaappaa,506,ASH,3.50585347460214,0.584169847530258,-3.15356747474008,-3.21929506454345,0.3798072349125,-1.07369746651727,-0.675766070545522,3,350,0.075140215,4.548426,11.90376
Selection 3,GATCGTACAAAGGTGC-400.2.3,GATCGTACAAAGGTGC-400.2.3,963,400_minutes,Waterston_400_minutes,0.748479744589516,350,355,330-390,330-390,ABpxpaappaa,615,ASH,0.200299140451032,-0.444081014637885,-2.15538483194378,-2.57059952721043,-0.552762340361401,-2.36540570753765,-2.40076282611729,13,355,0.15289801,4.5455766,13.513876
Selection 3,GACGGCTGTATATGAG-300.1.2,GACGGCTGTATATGAG-300.1.2,1226,300_minutes,Waterston_300_minutes,0.95289321585332,350,350,330-390,330-390,ABpxpaappaa,728,ASH,1.2112318059586,-0.198437380349503,-2.91847298428152,-3.110214996265,-0.165811795688293,-2.1114206079363,-2.16853195394885,13,350,0.119143374,4.487975,12.877691
Selection 3,CTACACCTCAAGGTAA-400.2.3,CTACACCTCAAGGTAA-400.2.3,915,400_minutes,Waterston_400_minutes,0.711172342990039,350,345,330-390,330-390,ABpxpaappaa,553,ASH,1.0142584109841,-0.498930363494253,-3.16079442627453,-3.16581170531673,-0.491166689857405,-2.28775085986298,-2.17357855754843,13,345,0.107704595,4.515529,12.437411
Selection 3,CTCTACGAGTCACGCC-300.1.2,CTCTACGAGTCACGCC-300.1.2,1036,300_minutes,Waterston_300_minutes,0.805218084522055,350,345,330-390,330-390,ABpxpaappaa,678,ASH,1.65259661915543,0.372222121574233,-2.57570061666217,-2.98474629726568,0.0335791829816678,-1.33341461970862,-1.12796327129236,13,345,0.12003596,4.5282154,12.767164
Selection 3,CAACCAAAGGGAACGG-400.2.2,CAACCAAAGGGAACGG-400.2.2,919,400_minutes,Waterston_400_minutes,0.714281293123329,360,360,330-390,330-390,,525,,0.346506514049617,0.361476471498237,-1.66007283623844,-2.6567266300753,-0.194176838988298,-2.59522340808311,-3.30318012097779,13,360,0.14229174,4.5323977,13.261385
Selection 3,AAGACCTCATGTAAGA-400.2.3,AAGACCTCATGTAAGA-400.2.3,963,400_minutes,Waterston_400_minutes,0.748479744589516,330,350,330-390,330-390,ABpxpaappaa,603,ASH,1.64585631179392,0.155877958601732,-2.40043186566849,-2.43020859136241,-0.208750593630805,-1.25829801831314,-0.929013679065164,13,350,0.11117827,4.420211,12.517992
Selection 3,AGTCTTTAGATGAGAG-400.2.3,AGTCTTTAGATGAGAG-400.2.3,788,400_minutes,Waterston_400_minutes,0.612463176258088,330,350,330-390,330-390,ABpxpaappaa,492,ASH,1.72008477050864,0.151019009449005,-2.1432528431566,-2.10387176549249,-0.454340416644092,-1.91983370768536,-2.14742375579449,13,350,0.1206476,4.4376693,12.669756
Selection 3,TGGCCAGCATTGCGGC-400.2.3,TGGCCAGCATTGCGGC-400.2.3,1081,400_minutes,Waterston_400_minutes,0.840193773521565,300,350,330-390,270-330,ABpxpaappaa,668,ASH,1.82669481603407,0.730199440870965,-1.95657663043409,-2.20771536237142,-0.0219319640780874,-1.81297477274467,-2.12590954257963,13,350,0.11676054,4.4133325,12.632822
Selection 3,CTAGAGTAGAGGTAGA-400.2.1,CTAGAGTAGAGGTAGA-400.2.1,978,400_minutes,Waterston_400_minutes,0.760138307589353,350,350,330-390,330-390,ABpxpaappaa,600,ASH,-0.244356673600604,-0.88036466466046,-1.61501807455471,-2.17592331091051,-1.61686710148358,-2.63052675649108,-2.16187139744769,13,350,0.13729797,4.4277315,13.162
Selection 3,GTCACAAAGTGTTAGA-400.2.2,GTCACAAAGTGTTAGA-400.2.2,950,400_minutes,Waterston_400_minutes,0.738375656656325,350,345,330-390,330-390,ABpxpaappaa,576,ASH,1.50649667479771,0.385345563402372,-2.77014468065982,-2.78582128222933,0.330709747646635,-1.76361082235801,-2.13951937921668,13,345,0.13820094,4.612312,13.128302
Selection 3,ACTTACTGTAAGCACG-400.2.2,ACTTACTGTAAGCACG-400.2.2,775,400_minutes,Waterston_400_minutes,0.602359088324896,340,340,330-390,330-390,ABpxpaappaa,487,ASH,1.35233644671541,-0.45253428622384,-2.80352997772667,-2.56815963647438,-0.786003432947811,-1.69768862491321,-1.09360380249042,13,340,0.09453118,4.4304976,12.19969
Selection 3,AAACGGGTCCGAACGC-400.2.2,AAACGGGTCCGAACGC-400.2.2,952,400_minutes,Waterston_400_minutes,0.739930131722969,340,345,330-390,330-390,ABpxpaappaa,580,ASH,3.02894767070902,1.58716086958291,-2.75496068815975,-2.51307394980853,1.73644961743379,-0.592070947727084,-1.29537856529513,13,345,0.113687865,4.570448,12.612915
Selection 3,CTACCCAAGCCACTAT-400.2.1,CTACCCAAGCCACTAT-400.2.1,1080,400_minutes,Waterston_400_minutes,0.839416535988243,350,350,330-390,330-390,ABpxpaappaa,656,ASH,-0.171249725402478,-0.978683472538818,-2.68737141503608,-2.77036317142192,-1.34835831551551,-3.13790271745788,-3.05893420639416,13,350,0.14250721,4.4188538,13.226357
Selection 3,CAAGTTGGTCACCCAG-300.1.2,CAAGTTGGTCACCCAG-300.1.2,1018,300_minutes,Waterston_300_minutes,0.791227808922251,350,350,330-390,330-390,ABpxpaappaa,641,ASH,-0.962363828033249,-2.07645015719236,-2.76250466052309,-3.15866967837921,-2.09423067883676,-3.2697308289659,-2.14733677939446,13,350,0.11540183,4.441095,12.566927
Selection 3,TAGTGGTTCCCAGGTG-300.1.3,TAGTGGTTCCCAGGTG-300.1.3,1011,300_minutes,Waterston_300_minutes,0.785787146188994,300,345,330-390,270-330,ABpxpaappaa,607,ASH,1.87531641687496,-0.542932270177338,-3.45151847487808,-3.6379228057874,-1.05681290682567,-2.4249493741623,-1.78400855096537,13,345,0.08148562,4.4674616,11.974387
Selection 3,ATGTGTGGTTATGCGT-400.2.3,ATGTGTGGTTATGCGT-400.2.3,1420,400_minutes,Waterston_400_minutes,1.10367729731787,340,380,330-390,330-390,ABpxpaappaa,722,ASH,2.37435263995689,1.08497908213179,-2.34598850128612,-3.12835215479907,1.13695226698131,-1.10682453226251,-1.32250820911517,13,380,0.11946234,4.4929104,13.477302
Selection 3,TTATGCTTCAACGGCC-300.1.1,TTATGCTTCAACGGCC-300.1.1,2919,300_minutes,Waterston_300_minutes,2.26875635976822,330,380,330-390,330-390,ABpxpaappaa,1422,ASH,5.03781608492379,1.95554796066704,-2.80798915315396,-3.58872761825164,2.11821344139108,-0.729478778507369,-1.31415485265957,13,380,0.118937515,4.631064,13.396344
Selection 3,ACACTGATCACGCGGT-400.2.1,ACACTGATCACGCGGT-400.2.1,770,400_minutes,Waterston_400_minutes,0.598472900658284,320,350,330-390,270-330,ABpxpaappaa,475,ASH,2.15737621489361,1.70552276153619,-2.21488568586202,-2.09305854521059,1.803654058498,-0.787195521555411,-2.02061141503879,13,350,0.11462002,4.653427,12.640866
Selection 3,TTTCCTCCAATAGAGT-400.2.2,TTTCCTCCAATAGAGT-400.2.2,794,400_minutes,Waterston_400_minutes,0.617126601458023,360,350,330-390,330-390,ABpxpaappaa,501,ASH,2.37101132516499,1.08424017703747,-2.53253043299943,-3.05904695426153,1.42655125090892,-0.870361530239656,-1.1356276785733,13,350,0.1334751,4.6920753,13.052286
Selection 3,TGTTCCGAGACTAAGT-400.2.1,TGTTCCGAGACTAAGT-400.2.1,788,400_minutes,Waterston_400_minutes,0.612463176258088,320,350,330-390,270-330,ABpxpaappaa,491,ASH,3.15629830272606,2.8542803411169,-2.28481746123071,-2.10074765543325,3.34094853798297,0.148646349856561,-1.34844194719777,13,350,0.13692287,4.657102,13.238835
Selection 3,TACTCGCCACGTAAGG-b01,TACTCGCCACGTAAGG-b01,672,mixed,Murray_b01,0.522303622392684,430,440,390-450,390-450,ABpxpaappaa,474,ASH,-5.1379397807403,-4.41841120009569,-2.37296559517421,-1.74016050576086,-1.01745231427932,-1.95280416305658,-1.20264621377678,13,440,0.39309454,3.87788,16.122461
Selection 3,TTATGCTAGCTACCGC-500.1.1,TTATGCTAGCTACCGC-500.1.1,1791,500_minutes,Waterston_500_minutes_batch_1,1.3920324221805,640,625,580-650,580-650,ABpxpaappaa,871,ASH,-10.1958125447875,-5.89490194149044,2.43828050475642,1.38186030373826,-5.92853546553835,-5.45206812240458,-5.87222381028923,13,625,0.5497311,2.9813213,17.39627
Selection 3,GTTCATTGTCTCCACT-b01,GTTCATTGTCTCCACT-b01,761,mixed,Murray_b01,0.591477762858382,700,630,580-650,> 650,ABpxpaappaa,497,ASH,-7.15761008107621,-6.51402655606023,-2.0924280389896,-2.64463069151784,-4.55329963525808,-5.5855941034429,-4.73156402418412,13,630,0.5036085,2.998604,16.82907
Selection 3,TACTCATAGCCACCTG-500.1.1,TACTCATAGCCACCTG-500.1.1,1492,500_minutes,Waterston_500_minutes_batch_1,1.15963839971709,640,640,580-650,580-650,ABpxpaappaa,805,ASH,-11.602978594071,-7.47932642133653,2.45731753760352,0.628460629100124,-7.56726739933916,-7.35488567743283,-7.25752120420173,13,640,0.54915977,3.0114822,17.425558
Selection 3,AGATTGCTCCAGTAGT-500.1.1,AGATTGCTCCAGTAGT-500.1.1,1973,500_minutes,Waterston_500_minutes_batch_1,1.53348965324519,620,585,580-650,580-650,ABpxpaappaa,983,ASH,-11.2841463728262,-5.52215414224776,6.95649476160756,5.32048931900806,-6.96996013478948,-5.43855450962987,-6.40095553972367,13,585,0.5359976,3.013632,17.495363
Selection 3,CACAGGCGTCGAGATG-500.2.1,CACAGGCGTCGAGATG-500.2.1,855,500_minutes,Waterston_500_minutes_batch_2,0.664538090990692,550,490,450-510,510-580,ABpxpaappaa,624,ASH,-5.80208808661835,-0.817748765058054,10.0499132363891,9.90703078025494,-2.69428183645691,1.18006506192505,1.40774581088842,13,490,0.41481355,3.1218605,16.171501
Selection 3,CAGCAGCCACGCTTTC-500.2.2,CAGCAGCCACGCTTTC-500.2.2,1439,500_minutes,Waterston_500_minutes_batch_2,1.118444810451,550,490,450-510,510-580,ABpxpaappaa,897,ASH,-11.7306356086927,-7.76745934004672,2.83204517570827,4.64343746217859,-7.08714666358165,-3.71452680827668,-2.75458013834029,13,490,0.45293683,3.0276692,16.685995
Selection 3,GTCAAGTCAATCGAAA-500.2.1,GTCAAGTCAATCGAAA-500.2.1,881,500_minutes,Waterston_500_minutes_batch_2,0.684746266857076,550,550,510-580,510-580,ABpxpaappaa,623,ASH,-8.26111953857989,-4.41768445451393,4.46967109968251,6.34065299844516,-4.21226453882236,-1.29791867599854,-1.33092701685649,13,550,0.4548954,3.0827057,16.545965
Selection 3,CACCACTTCTGATTCT-500.1.2,CACCACTTCTGATTCT-500.1.2,1510,500_minutes,Waterston_500_minutes_batch_1,1.17362867531689,510,550,510-580,510-580,ABpxpaappaa,771,ASH,-11.9785586348313,-9.01374816118674,-0.179776021716273,-1.44421043764629,-8.37089751180192,-8.85793775904049,-8.23014175567413,13,550,0.5099724,3.160686,17.130924
Selection 3,CTTAACTCAGATCCAT-500.1.1,CTTAACTCAGATCCAT-500.1.1,1609,500_minutes,Waterston_500_minutes_batch_1,1.25057519111582,550,620,580-650,510-580,ABpxpaappaa,888,ASH,-11.288562949153,-7.03309521546416,2.77587737913063,1.43918355634664,-7.01133515914398,-6.76802739039849,-6.60681460102571,13,620,0.5192573,3.0949585,17.317623
Selection 3,ACTGAACGTTGAGTTC-b01,ACTGAACGTTGAGTTC-b01,583,mixed,Murray_b01,0.453129481926987,550,550,510-580,510-580,ABpxpaappaa,415,ASH,-5.42614777502814,-4.6051605911773,-0.798761217619613,-0.245903673367903,-2.51836814512643,-1.76610787084541,-0.91903245859578,13,550,0.48769832,3.0213966,16.60995
Selection 3,GTGTTAGAGAAGGCCT-500.2.2,GTGTTAGAGAAGGCCT-500.2.2,850,500_minutes,Waterston_500_minutes_batch_2,0.66065190332408,490,550,510-580,450-510,ABpxpaappaa,566,ASH,-8.78496327865099,-6.07913362107095,2.72180307633572,3.79902095191441,-5.05299107337654,-2.83171699658919,-2.15517968018405,13,550,0.4941458,3.0572097,17.01157
Selection 3,ATAGACCCACATGTGT-500.2.1,ATAGACCCACATGTGT-500.2.1,744,500_minutes,Waterston_500_minutes_batch_2,0.5782647247919,550,550,510-580,510-580,ABpxpaappaa,518,ASH,-9.55212289625859,-6.45371221277593,2.30200593239121,4.30517811117403,-5.1827362314436,-2.99526874814832,-2.47502059256029,13,550,0.4508031,3.1667464,16.488531
Selection 3,GTCTCGTTCTTGAGGT-500.1.1,GTCTCGTTCTTGAGGT-500.1.1,1415,500_minutes,Waterston_500_minutes_batch_1,1.09979110965126,550,550,510-580,510-580,ABpxpaappaa,817,ASH,-10.0904387900228,-4.51390704775388,7.37432634291791,4.65793722285407,-6.39828611062894,-4.90475372326131,-4.92255229012535,13,550,0.51905894,3.1604195,17.245308
Selection 3,TGGGAAGAGAAGAAGC-500.2.1,TGGGAAGAGAAGAAGC-500.2.1,649,500_minutes,Waterston_500_minutes_batch_2,0.504427159126268,700,550,510-580,> 650,ABpxpaappaa,487,ASH,-7.69244734614758,-4.00132030501216,4.49603091116923,5.70514426828188,-3.39489768710221,-0.989833332846336,-0.648018619439516,13,550,0.47870815,3.0912912,16.712194
Selection 3,ACGGCCATCCAGGGCT-500.2.2,ACGGCCATCCAGGGCT-500.2.2,585,500_minutes,Waterston_500_minutes_batch_2,0.454683956993631,550,550,510-580,510-580,ABpxpaappaa,447,ASH,-7.14825320718285,-4.34016079178383,4.45383248393758,7.25293278861148,-3.71535701096218,0.884997675387864,2.19826398437668,13,550,0.43358266,3.17021,16.12384
Selection 3,TACTCATGTTGCGCAC-b01,TACTCATGTTGCGCAC-b01,921,mixed,Murray_b01,0.715835768189974,550,550,510-580,510-580,ABpxpaappaa,621,ASH,-4.73844014859513,-3.57156833104457,-1.37687352693095,-1.02162427213696,-1.32360667794915,-1.44325942531782,-0.372809130468697,13,550,0.44577453,3.281835,16.352482
Selection 3,TACCTATCATTCACTT-400.2.1,TACCTATCATTCACTT-400.2.1,1310,400_minutes,Waterston_400_minutes,1.01818116865241,490,520,510-580,450-510,ABpxpaappaa,763,ASH,-8.8899656741444,-7.18040891868242,-2.52165617746326,-3.31591998119829,-5.01153225920721,-7.66246662639181,-7.76953284548077,13,520,0.48153996,3.6651247,16.768545
Selection 3,GCGCCAACAACACCTA-500.1.2,GCGCCAACAACACCTA-500.1.2,1285,500_minutes,Waterston_500_minutes_batch_1,0.998750230319344,550,550,510-580,510-580,ABpxpaappaa,723,ASH,-11.9081599442027,-8.77357440792423,0.155847984668481,-0.675587096193235,-7.74705554693262,-8.60799570270352,-8.17448771438634,13,550,0.4822082,3.4408681,16.967352
Selection 3,CCCAGTTCAGATAATG-400.2.2,CCCAGTTCAGATAATG-400.2.2,1189,400_minutes,Waterston_400_minutes,0.924135427120389,550,490,450-510,510-580,ABpxpaappaa,700,ASH,-7.70294756949089,-5.80009435196654,-1.86557862015326,-2.80811593959875,-4.07629678521883,-6.46985117239173,-6.76203019393174,13,490,0.41092867,3.8067808,16.269485
Selection 3,TGGCCAGAGATGTAAC-400.2.3,TGGCCAGAGATGTAAC-400.2.3,1291,400_minutes,Waterston_400_minutes,1.00341365551928,550,490,450-510,510-580,ABpxpaappaa,815,ASH,-8.790216553417,-7.25575987198551,-1.99430704737742,-2.3292941084648,-5.38164322662574,-7.0652735653794,-7.03974956305866,13,490,0.4764981,3.579104,16.545094
Selection 3,CAGATCACAGGACCCT-500.1.1,CAGATCACAGGACCCT-500.1.1,1300,500_minutes,Waterston_500_minutes_batch_1,1.01040879331918,490,490,450-510,450-510,ABpxpaappaa,756,ASH,-10.2446485834498,-6.47808952875303,2.60924039637448,0.892860795047261,-6.66324054894182,-5.99326499911885,-5.35070117034466,13,490,0.39972648,3.7095172,16.171799
Selection 3,CCAGCGACACGACTCG-400.2.2,CCAGCGACACGACTCG-400.2.2,1037,400_minutes,Waterston_400_minutes,0.805995322055377,550,550,510-580,510-580,ABpxpaappaa,691,ASH,-9.09330741695214,-6.90513664052133,-1.86561926400004,-2.2572746878072,-4.74315473248757,-6.30483165912105,-6.06098624013331,13,550,0.49393186,3.5497954,16.838936
Selection 3,ACGATGTAGATCCCAT-400.2.2,ACGATGTAGATCCCAT-400.2.2,956,400_minutes,Waterston_400_minutes,0.743039081856259,620,550,510-580,580-650,ABpxpaappaa,592,ASH,-9.4839530042741,-7.63059632464343,-2.68572981183477,-3.60468225133853,-6.17077798690761,-8.74032945630994,-8.89819436772172,13,550,0.46121046,3.5998101,16.58051
Selection 3,CGTTCTGGTCCAGTAT-400.2.2,CGTTCTGGTCCAGTAT-400.2.2,1085,400_minutes,Waterston_400_minutes,0.843302723654855,550,520,510-580,510-580,ABpxpaappaa,622,ASH,-9.63173902152681,-7.16306167837454,-1.7272278108536,-3.17634658914173,-5.46869749653241,-8.21421571526155,-8.64622148660521,13,520,0.4754062,3.7588825,16.563236
Selection 3,ATCACGAGTAAATGTG-500.1.1,ATCACGAGTAAATGTG-500.1.1,1542,500_minutes,Waterston_500_minutes_batch_1,1.19850027638321,450,440,390-450,450-510,ABpxpaappaa,879,ASH,-8.93110524564867,-5.42160676238905,2.07829036052899,0.573156224102103,-5.34217968757245,-5.47277468590698,-4.9767087087262,13,440,0.41344547,3.7385492,16.213196
Selection 3,TAGTGGTTCAGTCAGT-500.1.1,TAGTGGTTCAGTCAGT-500.1.1,1781,500_minutes,Waterston_500_minutes_batch_1,1.38426004684728,550,550,510-580,510-580,ABpxpaappaa,957,ASH,-11.4456241675586,-7.30368144591858,2.49891487142313,1.20435826305997,-6.99425175752617,-7.17991656265217,-7.34238170624188,13,550,0.49682027,3.274827,17.094515
Selection 3,TCCCGATCATCAGTCA-500.1.2,TCCCGATCATCAGTCA-500.1.2,1386,500_minutes,Waterston_500_minutes_batch_1,1.07725122118491,490,500,450-510,450-510,ABpxpaappaa,784,ASH,-10.9001785214169,-8.79514148939557,-1.53436763481801,-2.27726960824084,-7.60361975015206,-8.71156257995169,-7.97741606182938,13,500,0.42323238,3.663343,16.516418
Selection 3,CCGGTAGCACAGACTT-400.2.1,CCGGTAGCACAGACTT-400.2.1,1082,400_minutes,Waterston_400_minutes,0.840971011054887,490,500,450-510,450-510,ABpxpaappaa,675,ASH,-11.404358968063,-9.57733262169648,-1.82031844767915,-2.53454858139191,-8.2447200315758,-9.07145253068429,-8.05091978968076,13,500,0.41583073,3.7878897,16.314896
Selection 3,CGACTTCAGAAGAAGC-500.2.2,CGACTTCAGAAGAAGC-500.2.2,1180,500_minutes,Waterston_500_minutes_batch_2,0.917140289320487,450,500,450-510,450-510,ABpxpaappaa,763,ASH,-7.28553780329102,-3.9119208881101,3.08676898530722,3.30798675694634,-3.80514186869825,-2.45831159966885,-2.22979332055904,13,500,0.42079067,3.5253239,16.223803
Selection 3,TAGTTGGAGGAGTAGA-500.1.1,TAGTTGGAGGAGTAGA-500.1.1,1377,500_minutes,Waterston_500_minutes_batch_1,1.07025608338501,490,550,510-580,450-510,ABpxpaappaa,767,ASH,-9.75694093149369,-5.02229276038902,4.48592310021252,3.81870387006055,-5.39904059037605,-3.9348531200813,-4.22384684029484,13,550,0.47478154,3.4343905,16.919905
Selection 3,CAGCGACAGGGCACTA-500.1.1,CAGCGACAGGGCACTA-500.1.1,1492,500_minutes,Waterston_500_minutes_batch_1,1.15963839971709,450,490,450-510,450-510,ABpxpaappaa,889,ASH,-11.1984030824148,-8.24649342753482,1.3962428749376,0.836512030670496,-7.33125791230437,-5.9349426680882,-4.25454910789293,13,490,0.45375845,3.5790448,16.546154
Selection 3,CACACCTCAAAGTGCG-500.1.1,CACACCTCAAAGTGCG-500.1.1,917,500_minutes,Waterston_500_minutes_batch_1,0.712726818056684,490,490,450-510,450-510,ABpxpaappaa,610,ASH,-9.68613658778196,-5.92269018644212,4.02071152211334,3.18510497734542,-6.14513378856375,-4.04395105622788,-2.6453146543047,13,490,0.41773313,3.3691492,16.450794
Selection 3,AATCGGTCACTTAACG-500.1.1,AATCGGTCACTTAACG-500.1.1,1524,500_minutes,Waterston_500_minutes_batch_1,1.18451000078341,490,550,510-580,450-510,ABpxpaappaa,839,ASH,-10.2034314688179,-5.12319200396418,4.80446177341684,3.05797408461898,-6.28111689858823,-5.27007725764294,-5.70771081020768,13,550,0.46119124,3.440049,16.677494
Selection 3,CTCTACGTCTAACCGA-500.2.1,CTCTACGTCTAACCGA-500.2.1,882,500_minutes,Waterston_500_minutes_batch_2,0.685523504390398,550,550,510-580,510-580,ABpxpaappaa,618,ASH,-9.91847466366878,-5.37295791791065,4.73416123707109,5.55275785951131,-5.15425123701689,-3.24718870795238,-3.89080265044111,13,550,0.50031865,3.3278854,16.699171
Selection 3,TACTTGTCACACATGT-400.2.1,TACTTGTCACACATGT-400.2.1,1126,400_minutes,Waterston_400_minutes,0.875169462521075,550,620,580-650,510-580,ABpxpaappaa,735,ASH,-8.67299755903556,-6.95909802788434,-1.05947178401632,-2.01062370851822,-5.68598052728788,-6.39174891169204,-5.59471542851125,13,620,0.46873042,3.3513963,16.574312
Selection 3,GTCGTAAAGTAGCCGA-500.2.2,GTCGTAAAGTAGCCGA-500.2.2,1240,500_minutes,Waterston_500_minutes_batch_2,0.963774541319834,550,490,450-510,510-580,ABpxpaappaa,791,ASH,-10.4260744958622,-5.67253957154128,7.13078514642313,8.15837216426785,-5.31410611907937,-1.88559377997406,-0.97764291550886,13,490,0.4403798,3.2950053,16.328869
Selection 3,CACTCCACAGATCTGT-b01,CACTCCACAGATCTGT-b01,838,mixed,Murray_b01,0.65132505292421,550,550,510-580,510-580,ABpxpaappaa,574,ASH,-5.1860134066922,-4.36359293980099,-0.326585707687616,-0.623990543083332,-3.1366602696991,-3.33374972681552,-2.56028787070003,13,550,0.48914137,3.205088,16.514122
Selection 3,CACCAGGGTAAACCTC-b01,CACCAGGGTAAACCTC-b01,848,mixed,Murray_b01,0.659097428257435,620,640,580-650,580-650,ABpxpaappaa,571,ASH,-6.53471699966738,-5.28246341388227,-0.501512623780677,-0.690983667508058,-3.20074669442756,-2.96022188931706,-1.85818562920094,13,640,0.5017893,3.1891053,16.832924
Selection 3,GTCTTCGCAAGGCTCC-b01,GTCTTCGCAAGGCTCC-b01,959,mixed,Murray_b01,0.745370794456227,490,490,450-510,450-510,ABpxpaappaa,619,ASH,-6.14463640143065,-4.62130399869647,-1.67187555490453,-1.56543183102704,-2.52305333822217,-2.09140362689672,-0.715938695178169,13,490,0.4607355,3.580289,16.567007
Selection 3,TTCCCAGGTCGGCACT-500.1.3,TTCCCAGGTCGGCACT-500.1.3,1594,500_minutes,Waterston_500_minutes_batch_1,1.23891662811598,510,550,510-580,510-580,ABpxpaappaa,768,ASH,-12.0030551968673,-9.48029219323061,-1.64980815197355,-2.95100104031773,-7.92811405585091,-9.32948324753776,-8.47558598126163,13,550,0.47929975,3.5348907,16.857115
Selection 3,AGGGATGTCTATGTGG-500.1.2,AGGGATGTCTATGTGG-500.1.2,1482,500_minutes,Waterston_500_minutes_batch_1,1.15186602438387,550,550,510-580,510-580,ABpxpaappaa,778,ASH,-11.2831127980396,-8.80249485819729,-1.41331001094512,-1.59474084258001,-7.54535512729401,-8.06187464611993,-7.62506707343321,13,550,0.49763548,3.386552,16.959124
Selection 3,AACCGCGTCTATCGCC-500.2.1,AACCGCGTCTATCGCC-500.2.1,1008,500_minutes,Waterston_500_minutes_batch_2,0.783455433589026,450,530,510-580,450-510,ABpxpaappaa,691,ASH,-7.9118270341384,-3.55011152695033,5.71667897195613,7.80165155047212,-3.93837404396196,-0.192840392622214,-0.563624924731183,13,530,0.4331676,3.2706163,16.347912
Selection 3,TAAGAGATCCTCTAGC-500.1.2,TAAGAGATCCTCTAGC-500.1.2,1307,500_minutes,Waterston_500_minutes_batch_1,1.01584945605244,510,550,510-580,510-580,ABpxpaappaa,834,ASH,-12.1471867003821,-9.66788346438326,-0.433419606868127,-0.602216389645582,-8.29464706118156,-7.73799967838598,-6.20061579949122,13,550,0.4576719,3.4547038,16.702686
Selection 3,CGTGTCTTCTTCTGGC-b01,CGTGTCTTCTTCTGGC-b01,552,mixed,Murray_b01,0.429035118393991,640,630,580-650,580-650,ABpxpaappaa,401,ASH,-5.53802444051198,-5.04608559989128,-1.18895823445447,-1.71673255292671,-3.66483117237147,-3.71139055656428,-2.56416832093509,13,630,0.43562663,3.4609978,16.280554
Selection 3,CCGGTAGCAGCTGTGC-400.2.3,CCGGTAGCAGCTGTGC-400.2.3,1862,400_minutes,Waterston_400_minutes,1.4472162870464,490,550,510-580,450-510,ABpxpaappaa,1065,ASH,-2.38277109806509,-0.870776014937246,-0.228202566378426,-1.75855969708455,-0.0140660021696613,-2.60277288692387,-3.69659262569637,13,550,0.44134927,3.5580738,16.437798
Selection 3,AACACGTTCGGAAACG-500.1.1,AACACGTTCGGAAACG-500.1.1,2075,500_minutes,Waterston_500_minutes_batch_1,1.61276788164408,550,550,510-580,510-580,ABpxpaappaa,1116,ASH,-11.1915748806076,-6.32372573434611,4.94618621003045,3.55246404465944,-6.88866888356283,-5.78664188307544,-5.92772970317692,13,550,0.50366426,3.2300408,17.131083
Selection 3,CTGGTCTGTTATCCGA-500.1.2,CTGGTCTGTTATCCGA-500.1.2,1623,500_minutes,Waterston_500_minutes_batch_1,1.26145651658233,490,550,510-580,450-510,ABpxpaappaa,851,ASH,-10.2221500824618,-6.88237549091358,1.44073868892364,-0.0018069603827752,-6.5401734286297,-7.29928076625857,-7.32415934410276,13,550,0.46850803,3.5170689,16.636307
Selection 3,GCTTCCAGTACCGAGA-500.2.2,GCTTCCAGTACCGAGA-500.2.2,867,500_minutes,Waterston_500_minutes_batch_2,0.673864941390561,490,520,510-580,450-510,ABpxpaappaa,594,ASH,-8.76953209821658,-4.8911357811793,5.53838620302496,6.06181822735279,-4.87183695403285,-2.38005051116879,-1.63439311694832,13,520,0.41280586,3.2283692,16.165575
Selection 3,ACATACGTCTTTAGTC-400.2.3,ACATACGTCTTTAGTC-400.2.3,1361,400_minutes,Waterston_400_minutes,1.05782028285185,620,640,580-650,580-650,ABpxpaappaa,766,ASH,-9.59396808899652,-7.60651680442642,-2.1244109550647,-3.17313334722987,-6.14956595443258,-8.38905330781927,-8.62200024098192,13,640,0.5290777,3.3189595,17.008081
Selection 3,CGACTTCTCACAGTAC-500.1.1,CGACTTCTCACAGTAC-500.1.1,1502,500_minutes,Waterston_500_minutes_batch_1,1.16741077505032,620,670,> 650,580-650,ABpxpaappaa,813,ASH,-10.3334166846539,-5.79722805396385,3.94395029817788,2.59648292835596,-6.14533353698124,-5.46735884740664,-6.14318069778339,13,670,0.5755979,2.5204241,17.693783
Selection 3,GTGTTAGAGAGGTAGA-500.1.2,GTGTTAGAGAGGTAGA-500.1.2,1548,500_minutes,Waterston_500_minutes_batch_1,1.20316370158315,620,640,580-650,580-650,ABpxpaappaa,748,ASH,-12.2177613614201,-9.63703178724867,-0.777865678104153,-1.7388983107565,-8.58146314262419,-9.0586034888377,-8.69046715297988,13,640,0.5628884,2.7570617,17.70401
Selection 3,CCACTACGTCGGCACT-500.1.3,CCACTACGTCGGCACT-500.1.3,1187,500_minutes,Waterston_500_minutes_batch_1,0.922580952053744,620,640,580-650,580-650,ABpxpaappaa,593,ASH,-11.0440002641809,-8.50754584756813,-0.427256581032731,-2.39860765340879,-7.57950981422126,-8.89361976236852,-8.67865429001634,13,640,0.5617611,2.6893513,17.688435
Selection 3,TGGTTAGAGGAATTAC-500.2.2,TGGTTAGAGGAATTAC-500.2.2,1363,500_minutes,Waterston_500_minutes_batch_2,1.0593747579185,490,620,580-650,450-510,ABpxpaappaa,874,ASH,-7.03430541738067,-2.75830737318549,7.28436120501421,9.225667045899,-3.90517064329056,1.55127124715408,1.49262744528461,13,620,0.48485878,2.6046147,16.88787
Selection 3,GTCGTAAGTCTAAACC-b01,GTCGTAAGTCTAAACC-b01,993,mixed,Murray_b01,0.77179687058919,640,700,> 650,580-650,ABpxpaappaa,611,ASH,-11.0298229681331,-8.72740098667762,-1.74554651655515,-2.14516530760485,-7.14373468272773,-6.86952614994658,-5.70189720237454,13,700,0.5220057,2.4807057,17.518538
Selection 3,TGTGGTACACCCATGG-500.1.1,TGTGGTACACCCATGG-500.1.1,1488,500_minutes,Waterston_500_minutes_batch_1,1.1565294495838,640,700,> 650,580-650,ABpxpaappaa,792,ASH,-11.899382122192,-7.86291792307627,1.2095778711697,0.48092217592151,-7.26275719407267,-7.1350870259662,-7.77336681135317,13,700,0.56869245,2.4747891,17.624563
Selection 3,GAAATGACACAGACTT-b02,GAAATGACACAGACTT-b02,866,mixed,Murray_b02,0.673087703857239,700,700,> 650,> 650,ABpxpaappaa,581,ASH,-4.56780855848615,-5.3412218696316,-2.81227464195687,-2.91422213442127,-2.89733600575897,-2.68163813828373,-0.66441761007191,13,700,0.582783,2.1940036,17.233517
Selection 3,CAGGTGCAGGTAGCTG-500.2.1,CAGGTGCAGGTAGCTG-500.2.1,1400,500_minutes,Waterston_500_minutes_batch_2,1.08813254665143,640,640,580-650,580-650,ABpxpaappaa,861,ASH,-9.52872229907484,-2.00453716362165,13.6658046963446,17.4711263328019,-3.30766922363307,3.71582641293516,2.2015921043341,13,640,0.49109975,2.2947583,17.078384
Selection 3,AAATGCCGTATAAACG-500.2.1,AAATGCCGTATAAACG-500.2.1,549,500_minutes,Waterston_500_minutes_batch_2,0.426703405794023,700,700,> 650,> 650,ABpxpaappaa,412,ASH,-7.03834123527059,-2.25063357826329,10.2645108185165,11.1253570045193,-3.93480389789723,2.86874367637865,3.9669236520466,13,700,0.48526156,2.19148,16.837214
Selection 3,TGAGCCGGTCTCGTTC-500.2.2,TGAGCCGGTCTCGTTC-500.2.2,1009,500_minutes,Waterston_500_minutes_batch_2,0.784232671122349,630,635,580-650,580-650,ABpxpaappaa,631,ASH,-9.45020823229998,-5.92809788840307,2.92534588182954,3.56203320018839,-5.46051565648781,-3.46681777887607,-3.455492388622,13,635,0.5381707,2.281666,17.27635
Selection 3,CTCGGAGGTGAGTGAC-500.1.1,CTCGGAGGTGAGTGAC-500.1.1,1516,500_minutes,Waterston_500_minutes_batch_1,1.17829210051683,640,635,580-650,580-650,ABpxpaappaa,792,ASH,-11.2361819745819,-6.40045828536447,3.62436777523898,2.10187805817047,-6.64319841459137,-6.22215601319004,-6.62652981347705,13,635,0.56582415,2.8079069,17.663242
Selection 3,TGAGAGGTCCACGACG-500.2.1,TGAGAGGTCCACGACG-500.2.1,860,500_minutes,Waterston_500_minutes_batch_2,0.668424278657304,640,635,580-650,580-650,ABpxpaappaa,585,ASH,-7.91712584063437,-3.63595331291732,6.32050403234189,7.38171613928515,-4.19173010856167,0.335001071689417,0.690959456653037,13,635,0.4982862,2.3690157,17.17189
Selection 3,ACGATGTAGCTATGCT-500.2.1,ACGATGTAGCTATGCT-500.2.1,1120,500_minutes,Waterston_500_minutes_batch_2,0.87050603732114,640,630,580-650,580-650,ABpxpaappaa,729,ASH,-12.6307183721078,-8.85031087561113,1.59812733818104,4.03409247855213,-7.45009111650417,-4.64590180206662,-4.86562422977703,13,630,0.51339966,2.28344,17.247559
Selection 3,AGATCTGAGGGTGTGT-r17,AGATCTGAGGGTGTGT-r17,1227,mixed,Murray_r17,0.953670453386642,700,700,> 650,> 650,ABpxpaappaa,763,ASH,-4.60759287833432,-1.59228226561984,-1.20888111989614,-0.198151415119966,1.55687593849777,-0.210031934268749,-2.30830306415929,13,700,0.6038805,2.5201883,17.478226
Selection 3,GTCACGGCATGGTCTA-b01,GTCACGGCATGGTCTA-b01,698,mixed,Murray_b01,0.542511798259068,640,670,> 650,580-650,ABpxpaappaa,433,ASH,-6.18064576853972,-5.35887927340327,-1.51562980215811,-1.54883249051875,-3.81154637685406,-2.22069548727157,-0.465752599207984,13,670,0.56087327,2.3060625,17.180635
Selection 3,CACCACTCAAAGAATC-b01,CACCACTCAAAGAATC-b01,649,mixed,Murray_b01,0.504427159126268,700,700,> 650,> 650,ABpxpaappaa,437,ASH,-7.00150804178278,-5.1303339227298,-0.526566256343515,0.412419631885525,-3.2980110318084,-2.26589706055408,-1.85973207257281,13,700,0.546435,2.499351,17.147963
Selection 3,ACCAGTAAGTCGAGTG-500.2.1,ACCAGTAAGTCGAGTG-500.2.1,661,500_minutes,Waterston_500_minutes_batch_2,0.513754009526137,800,635,580-650,> 650,ABpxpaappaa,475,ASH,-9.48826669968062,-5.88830639116195,3.14611146781791,4.52825579505402,-5.40750569496972,-2.42611469808369,-1.91599746841736,13,635,0.51042175,2.40383,17.076656
Selection 3,CACAGGCAGTATGACA-b01,CACAGGCAGTATGACA-b01,542,mixed,Murray_b01,0.421262743060766,640,640,580-650,580-650,ABpxpaappaa,371,ASH,-3.90412682444371,-3.52296304268734,-1.66433856923735,-2.63902538049146,-0.900509149587492,-2.59770437979597,-2.10659755259943,13,640,0.55085593,2.5919776,17.24556
Selection 3,GTATTCTGTTGCGTTA-500.2.2,GTATTCTGTTGCGTTA-500.2.2,865,500_minutes,Waterston_500_minutes_batch_2,0.672310466323917,550,635,580-650,510-580,ABpxpaappaa,578,ASH,-9.02693701238395,-5.29857455055625,4.50519372616512,6.67719048351794,-5.09608935877348,-1.87892686493798,-1.66659824242394,13,635,0.50457543,2.5787477,17.118797
Selection 3,AGATTGCCACCTATCC-500.1.2,AGATTGCCACCTATCC-500.1.2,1418,500_minutes,Waterston_500_minutes_batch_1,1.10212282225123,620,700,> 650,580-650,ABpxpaappaa,791,ASH,-13.1992297183779,-10.8410288445363,-1.25262928950284,-1.34477101747048,-9.15723941558439,-8.29728749818217,-6.88072920122183,13,700,0.5694967,2.3610082,17.662916
Selection 3,TACGGATGTTGCTCCT-500.2.1,TACGGATGTTGCTCCT-500.2.1,514,500_minutes,Waterston_500_minutes_batch_2,0.399500092127738,700,550,510-580,> 650,ABpxpaappaa,404,ASH,-4.58036344972184,1.81755778314482,14.9064246302348,16.848260834676,-0.772252507049605,7.49800238068788,7.92931210615115,13,550,0.39862245,2.579652,16.33528
Selection 3,CATATGGGTGCGCTTG-r17,CATATGGGTGCGCTTG-r17,1674,mixed,Murray_r17,1.30109563078178,640,670,> 650,580-650,ABpxpaappaa,807,ASH,-3.46727481616302,-0.123679614890002,-0.20318353870703,-1.23952960984609,2.05991959704307,-2.82767034216791,-6.43097385993376,13,670,0.60193294,2.7045484,17.428036
Selection 3,TTCTACATCGCCATAA-500.2.1,TTCTACATCGCCATAA-500.2.1,571,500_minutes,Waterston_500_minutes_batch_2,0.443802631527117,700,640,580-650,> 650,ABpxpaappaa,397,ASH,-4.45175452045101,2.31751218463986,10.1770222417612,10.1223378158741,0.74411932081958,7.77979954040198,6.84987841005143,13,640,0.50387716,2.1880617,17.078163
Selection 3,AGCATACCACATTAGC-500.1.2,AGCATACCACATTAGC-500.1.2,1546,500_minutes,Waterston_500_minutes_batch_1,1.2016092265165,640,700,> 650,580-650,ABpxpaappaa,784,ASH,-12.7827802220731,-9.95704211605842,-1.13562200962315,-1.76410962265257,-8.71538080228947,-8.45924966324341,-7.6876551034846,13,700,0.5542254,2.398185,17.533754
Selection 3,GCCTCTACATGCCTAA-500.1.1,GCCTCTACATGCCTAA-500.1.1,1745,500_minutes,Waterston_500_minutes_batch_1,1.35627949564767,630,625,580-650,580-650,ABpxpaappaa,861,ASH,-10.8266985207157,-6.71621050291745,3.74774626753908,1.92424142057588,-7.06075790748797,-6.10901226342501,-6.25522200424363,13,625,0.5581482,2.6848037,17.630491
Selection 3,CGCTGGAAGAACTGTA-500.2.2,CGCTGGAAGAACTGTA-500.2.2,1047,500_minutes,Waterston_500_minutes_batch_2,0.813767697388602,640,670,> 650,580-650,ABpxpaappaa,631,ASH,-7.61867601580461,-3.71918246037097,4.90174981124252,5.75645642766853,-3.68701510598616,0.0675450173614962,0.369906586505607,13,670,0.51398516,2.216915,17.177643
Selection 3,GGTATTGGTGCACTTA-500.1.1,GGTATTGGTGCACTTA-500.1.1,1999,500_minutes,Waterston_500_minutes_batch_1,1.55369782911157,640,670,> 650,580-650,ABpxpaappaa,955,ASH,-12.0180530529509,-7.24943352943753,4.45571628445276,3.85401933669148,-7.65301546523379,-6.26024911820147,-6.93125786415666,13,670,0.5695899,2.4596212,17.64594
Selection 3,AGTGTCAAGGCGATAC-400.2.1,AGTGTCAAGGCGATAC-400.2.1,1663,400_minutes,Waterston_400_minutes,1.29254601791523,620,670,> 650,580-650,ABpxpaappaa,847,ASH,-8.15497229970581,-5.7468709363464,-1.53798418020642,-3.19763797002907,-4.97379196747866,-7.8590635255877,-9.20299349240512,13,670,0.59718263,2.6013076,17.527729
Selection 3,CTCTAATAGGGTATCG-b01,CTCTAATAGGGTATCG-b01,627,mixed,Murray_b01,0.487327933393174,700,700,> 650,> 650,ABpxpaappaa,411,ASH,-6.89288045050477,-6.12244939218913,-2.33245399140385,-1.46773559748432,-3.30718480190098,-2.3825750657833,-0.878589931489775,13,700,0.57113093,2.279658,17.3044
Selection 3,AACACGTGTTCTCATT-400.2.3,AACACGTGTTCTCATT-400.2.3,1069,400_minutes,Waterston_400_minutes,0.830866923121696,640,635,580-650,580-650,ABpxpaappaa,615,ASH,-10.1356070538055,-7.64605919170149,-2.17913653740768,-3.59036661180369,-6.28351235581195,-8.8838253668177,-9.60000058433802,13,635,0.58819664,2.8274648,17.455574
Selection 3,TAAGCGTTCGTTTATC-500.2.2,TAAGCGTTCGTTTATC-500.2.2,905,500_minutes,Waterston_500_minutes_batch_2,0.703399967656814,550,585,580-650,510-580,ABpxpaappaa,595,ASH,-8.64041513530921,-5.43994579086433,3.66443572083964,4.88147116661386,-5.33583731165333,-3.20148065879981,-3.24629218451333,13,585,0.50254244,2.8441236,16.982138
Selection 3,TGCGTGGTCGACAGCC-b01,TGCGTGGTCGACAGCC-b01,774,mixed,Murray_b01,0.601581850791574,700,640,580-650,> 650,ABpxpaappaa,484,ASH,-6.24036497472549,-5.0508855492255,-2.1135857382327,-1.91211071143471,-1.85489288264138,-2.54686127341141,-2.17863096373427,13,640,0.5874714,2.7200754,17.269754
Selection 3,CCATGTCGTCATCCCT-500.2.2,CCATGTCGTCATCCCT-500.2.2,914,500_minutes,Waterston_500_minutes_batch_2,0.710395105456716,550,640,580-650,510-580,ABpxpaappaa,610,ASH,-10.1470333301846,-5.89283959552573,4.28093243340134,4.96264397561877,-6.00600878095695,-3.00110211128489,-2.91679936346859,13,640,0.509559,2.8407815,17.20103
Selection 3,ATCATGGGTCTAGTGT-b02,ATCATGGGTCTAGTGT-b02,718,mixed,Murray_b02,0.558056548925517,550,550,510-580,510-580,ABpxpaappaa,474,ASH,-5.84096865187963,-6.91230558919732,-3.45641592233786,-3.16594759360912,-3.48770512634682,-3.04336042072643,-0.133029737270699,13,550,0.5154139,2.6055205,16.825558
Selection 3,CGTGTAAGTGCCTTGG-500.1.2,CGTGTAAGTGCCTTGG-500.1.2,1172,500_minutes,Waterston_500_minutes_batch_1,0.910922389053908,620,640,580-650,580-650,ABpxpaappaa,652,ASH,-13.2364345810431,-10.6155409672336,-1.60042204135805,-2.2345070423972,-8.93728758777425,-9.09534739790507,-7.73497444382954,13,640,0.5554847,2.8359363,17.616446
Selection 3,ATCTACTTCTCGCTTG-500.1.1,ATCTACTTCTCGCTTG-500.1.1,741,500_minutes,Waterston_500_minutes_batch_1,0.575933012191933,700,640,580-650,> 650,ABpxpaappaa,478,ASH,-7.71382076480097,-2.85101428666548,5.87911978980071,4.23984746735511,-4.46163212342396,-2.50929883588137,-3.51253196918577,13,640,0.5236509,2.8485723,17.44058
Selection 3,CACAGTATCGCAAGCC-500.2.2,CACAGTATCGCAAGCC-500.2.2,882,500_minutes,Waterston_500_minutes_batch_2,0.685523504390398,640,640,580-650,580-650,ABpxpaappaa,581,ASH,-9.39636848931221,-4.8255811166055,6.08478014538207,6.62976853736057,-5.28951388197553,-2.49126150462371,-2.71856279328547,13,640,0.5400023,2.209409,17.330734
Selection 3,GCTGCTTAGGCATTGG-b01,GCTGCTTAGGCATTGG-b01,526,mixed,Murray_b01,0.408826942527607,640,630,580-650,580-650,ABpxpaappaa,380,ASH,-5.92592895037596,-5.52036758625554,-1.33360233771696,-0.564495496073665,-3.19515020313075,-1.96924621359618,-0.291013082503069,13,630,0.5087703,2.6295505,16.990545
Selection 3,CCTACACAGTGCGATG-500.1.1,CCTACACAGTGCGATG-500.1.1,1854,500_minutes,Waterston_500_minutes_batch_1,1.44099838677982,620,635,580-650,580-650,ABpxpaappaa,888,ASH,-11.4081415265792,-7.39781080853418,1.8490047729702,-0.0372599729589864,-7.22483901375498,-7.38502024535135,-7.36059630631275,13,635,0.5560708,2.829367,17.577332
Selection 3,CCCTCCTTCACGCATA-500.2.2,CCCTCCTTCACGCATA-500.2.2,524,500_minutes,Waterston_500_minutes_batch_2,0.407272467460962,550,630,580-650,510-580,ABpxpaappaa,405,ASH,-4.25671298698058,2.09250983467334,11.9557278856192,13.6421564987694,0.639619612135722,6.58837822876181,6.53742057664172,13,630,0.4862769,2.6546807,16.84889
Selection 3,TTTCCTCTCTCACATT-500.1.1,TTTCCTCTCTCACATT-500.1.1,676,500_minutes,Waterston_500_minutes_batch_1,0.525412572525974,640,585,580-650,580-650,ABpxpaappaa,480,ASH,-6.18661182376226,-1.84072005655307,6.39281956207232,4.12186057668687,-2.86211167655833,-1.35484524142877,-1.10016617260696,13,585,0.5091344,2.8667457,16.839306
Selection 3,TTAGTTCAGTAGCGGT-400.2.1,TTAGTTCAGTAGCGGT-400.2.1,1219,400_minutes,Waterston_400_minutes,0.947452553120063,700,640,580-650,> 650,ABpxpaappaa,736,ASH,-10.0282253707005,-8.27467962783,-2.27630354887857,-2.02864931153891,-5.86708149147188,-6.75254417811986,-6.72308635834074,13,640,0.5822594,2.8688056,17.29896
Selection 3,GACTACAAGCCACCTG-r17,GACTACAAGCCACCTG-r17,1452,mixed,Murray_r17,1.12854889838419,640,620,580-650,580-650,ABpxpaappaa,799,ASH,-4.47747092844422,-2.05231914311622,-0.781484954602746,-1.38408502462879,0.717481646943052,-2.57903017725921,-4.49384043699086,13,620,0.6118468,2.8738914,17.327595
Selection 3,ATCGAGTAGGCTATCT-500.1.1,ATCGAGTAGGCTATCT-500.1.1,1499,500_minutes,Waterston_500_minutes_batch_1,1.16507906245035,620,640,580-650,580-650,ABpxpaappaa,797,ASH,-11.3907769822256,-7.97194063730538,1.12846189627017,-0.138657161183362,-7.38267602845696,-7.72954968846306,-7.50184688902197,13,640,0.53460556,2.9145594,17.375294
Selection 3,CGGACACCACATTCGA-b01,CGGACACCACATTCGA-b01,738,mixed,Murray_b01,0.573601299591966,620,550,510-580,580-650,ABpxpaappaa,502,ASH,-4.43866583384529,-3.87291538028139,-1.53729925573473,-1.38299630692037,-1.34666266608043,-1.67860528672141,-0.645743191076807,13,550,0.51684403,2.9456182,16.924675
Selection 3,TGGCGCACATCCTAGA-b01,TGGCGCACATCCTAGA-b01,552,mixed,Murray_b01,0.429035118393991,360,415,390-450,330-390,ABpxpaappaa,419,ASH,-2.13195900778049,-1.32089499613681,3.19658296207456,3.41611532746193,-0.926409435952243,2.15124014636786,4.34455214689023,13,415,0.2610754,3.5572357,15.102834
Selection 3,AGATCTGAGTCTTGCA-500.2.1,AGATCTGAGTCTTGCA-500.2.1,781,500_minutes,Waterston_500_minutes_batch_2,0.607022513524831,370,375,330-390,330-390,ABpxpaappaa,567,ASH,-3.35331533223345,2.0122321574688,12.3035678665675,13.8333620391906,-0.32257895415774,5.96404188292965,5.92314813687468,13,375,0.24078757,3.5623162,14.672478
Selection 3,CACTCCAAGCCTTGAT-b02,CACTCCAAGCCTTGAT-b02,677,mixed,Murray_b02,0.526189810059297,550,490,450-510,510-580,ABpxpaappaa,513,ASH,-4.79800384121929,-4.81425836860717,-1.8772200291744,-2.30214987652145,-2.60621503603951,-2.30247043327845,0.278024091105013,13,490,0.3650919,3.5654294,15.835226
Selection 3,TGAGGGAAGTATCGAA-b01,TGAGGGAAGTATCGAA-b01,702,mixed,Murray_b01,0.545620748392358,490,550,510-580,450-510,ABpxpaappaa,502,ASH,-3.7270298669295,-3.45918085103145,-1.71912611790312,-1.85553931129789,-0.90098723845603,-2.3277335778131,-1.19848809556396,13,550,0.39973703,3.5777957,15.991318
Selection 3,AACTCCCGTCGCGAAA-500.1.1,AACTCCCGTCGCGAAA-500.1.1,2849,500_minutes,Waterston_500_minutes_batch_1,2.21434973243565,390,365,330-390,390-450,ABpxpaappaa,1339,ASH,-7.9195091786683,-4.41536937356491,2.6018167124855,1.91561123502479,-5.19089555259385,-4.24616297265335,-3.46755186482774,13,365,0.23996387,3.593628,14.699311
Selection 3,GCGGGTTGTTAAAGAC-500.1.1,GCGGGTTGTTAAAGAC-500.1.1,1131,500_minutes,Waterston_500_minutes_batch_1,0.879055650187687,410,405,390-450,390-450,ABpxpaappaa,721,ASH,-6.86197263745218,-4.48595391642695,1.43393430709233,0.65901084311376,-4.57838802574665,-3.60221297337499,-2.16144432351824,13,405,0.26199752,3.6683156,14.981336
Selection 3,CTTAGGAGTGTGGCTC-500.1.1,CTTAGGAGTGTGGCTC-500.1.1,1123,500_minutes,Waterston_500_minutes_batch_1,0.872837749921108,370,375,330-390,330-390,ABpxpaappaa,735,ASH,-4.36839885884151,-0.588718412224297,6.49717608226394,6.47288583756044,-2.4615925890431,0.363336117426564,0.685103860824714,13,375,0.23668171,3.6095848,14.583331
Selection 3,TAGCCGGGTGAGTATA-500.1.1,TAGCCGGGTGAGTATA-500.1.1,2158,500_minutes,Waterston_500_minutes_batch_1,1.67727859690984,370,360,330-390,330-390,,1208,,-0.543030945245872,2.48695291114748,5.19028089476217,4.31660751383718,0.0819824389370817,1.607259751271,1.42687097573439,13,360,0.2263183,3.6196203,14.368354
Selection 3,GCACTCTGTATAGGGC-500.1.1,GCACTCTGTATAGGGC-500.1.1,1517,500_minutes,Waterston_500_minutes_batch_1,1.17906933805015,380,380,330-390,330-390,ABpxpaappaa,894,ASH,-6.57774161885601,-3.2689728740267,3.25302192206215,2.15247254255944,-4.45737649934475,-3.63087690187188,-2.96557008124118,13,380,0.24545345,3.6463256,14.713661
Selection 3,TGTGGTAGTTCTCATT-500.1.1,TGTGGTAGTTCTCATT-500.1.1,1743,500_minutes,Waterston_500_minutes_batch_1,1.35472502058102,490,430,390-450,450-510,ABpxpaappaa,987,ASH,-11.2895813965281,-7.70292749779368,1.54906820243837,0.826907252865688,-7.09444344378888,-5.95736559023658,-4.65234786046676,13,430,0.40304157,3.6115534,16.07245
Selection 3,TGAAAGATCGAGGTAG-500.1.1,TGAAAGATCGAGGTAG-500.1.1,1139,500_minutes,Waterston_500_minutes_batch_1,0.885273550454267,380,370,330-390,330-390,ABpxpaappaa,719,ASH,-5.12968558767367,-2.38423232171155,2.82737565238655,1.5704127123382,-3.13600838369282,-2.37501540980123,-1.58905129010309,13,370,0.245311,3.6749964,14.702885
Selection 3,CGACCTTAGTACGTTC-b02,CGACCTTAGTACGTTC-b02,1064,mixed,Murray_b02,0.826980735455083,380,490,450-510,330-390,ABpxpaappaa,736,ASH,-3.46014669666705,-4.21456951332403,-3.0529559005128,-2.8986268358596,-2.98492867040209,-3.01041400588232,-0.894938069849154,13,490,0.27574235,3.64901,15.380146
Selection 3,CCCAGTTCACCCATGG-b01,CCCAGTTCACCCATGG-b01,2045,mixed,Murray_b01,1.5894507556444,420,420,390-450,390-450,ABalpppppap/ABpraaappap,1162,AWB,-5.94924152707526,-5.04771972262407,-2.05228905343478,-2.45643497810721,-3.54174441178858,-4.43609155018631,-3.26740731736405,13,420,0.19540904,3.6401162,14.159693
Selection 3,TAAGCGTGTAATTGGA-500.1.1,TAAGCGTGTAATTGGA-500.1.1,1376,500_minutes,Waterston_500_minutes_batch_1,1.06947884585169,390,370,330-390,390-450,ABpxpaappaa,780,ASH,-6.87766916930334,-3.96470019602072,2.08899706749552,2.22860119153452,-4.37576482530454,-2.90280437763494,-1.78337168432916,13,370,0.23563355,3.693825,14.537285
Selection 3,AGCGGTCGTCTTGATG-500.1.2,AGCGGTCGTCTTGATG-500.1.2,1145,500_minutes,Waterston_500_minutes_batch_1,0.889936975654202,450,450,450-510,450-510,ABpxpaappaa,745,ASH,-9.42782419744307,-7.93253555347798,-1.2091108282919,-0.828644343037972,-6.54977750819257,-5.78216010976383,-3.85286468368346,13,450,0.34572512,3.6105545,15.682709
Selection 3,GCTTGAAGTTGCGCAC-500.1.1,GCTTGAAGTTGCGCAC-500.1.1,2556,500_minutes,Waterston_500_minutes_batch_1,1.98661913517217,390,450,450-510,390-450,ABpxpaappaa,1272,ASH,-6.99670466577158,-4.71727465720241,0.756234639597863,-0.106710852531737,-5.06136064259841,-4.41630956799947,-3.35367722803139,13,450,0.3173656,3.635469,15.526242
Selection 3,GAAACTCGTTAAGATG-500.1.1,GAAACTCGTTAAGATG-500.1.1,1611,500_minutes,Waterston_500_minutes_batch_1,1.25212966618246,420,450,450-510,390-450,ABpxpaappaa,933,ASH,-8.52925975083609,-4.5247212869658,4.28633271860647,3.87630519443443,-5.33975351748398,-3.18870325561486,-2.66639905597658,13,450,0.353376,3.6951847,15.695744
Selection 3,CGTTCTGAGAGCTTCT-500.1.1,CGTTCTGAGAGCTTCT-500.1.1,1346,500_minutes,Waterston_500_minutes_batch_1,1.04616171985201,410,405,390-450,390-450,ABpxpaappaa,827,ASH,-8.63067165710921,-5.0000329831476,2.64445928595827,1.85229254673925,-5.5772857014176,-4.25820734050448,-3.2367281238354,13,405,0.26292548,3.7426662,15.042619
Selection 3,TGTTCCGTCTACTTAC-500.2.2,TGTTCCGTCTACTTAC-500.2.2,932,500_minutes,Waterston_500_minutes_batch_2,0.72438538105652,360,380,330-390,330-390,ABpxpaappaa,623,ASH,-4.86639728987591,0.162786256336762,8.12438151145703,10.5838824358379,-1.40104449336021,3.74919245656396,3.90733042997848,13,380,0.2213046,3.7358913,14.396372
Selection 3,CGACTTCTCCTAGGGC-500.1.1,CGACTTCTCCTAGGGC-500.1.1,1469,500_minutes,Waterston_500_minutes_batch_1,1.14176193645067,490,490,450-510,450-510,ABpxpaappaa,846,ASH,-10.9616568486759,-7.12497195485083,2.9310720970213,1.7082902419709,-7.24740487333717,-6.39250876897028,-5.45538161512743,13,490,0.40044817,3.7459478,16.08065
Selection 3,CCTCAGTGTCTAGAGG-500.1.1,CCTCAGTGTCTAGAGG-500.1.1,1568,500_minutes,Waterston_500_minutes_batch_1,1.2187084522496,380,400,390-450,330-390,ABpxpaappaa,881,ASH,-7.65842831880691,-3.90670506675949,2.49593900829458,1.61669425130875,-4.86952552508594,-4.4688077629709,-4.35537474445532,13,400,0.2480625,3.789845,14.809961
Selection 3,CTTAACTGTTCAGGCC-b01,CTTAACTGTTCAGGCC-b01,661,mixed,Murray_b01,0.513754009526137,550,420,390-450,510-580,ABpxpaappaa,474,ASH,-1.00471415143185,-0.657732194016587,2.0141820662987,3.76046646466355,0.261228521348933,2.44508519146874,3.27737029237891,13,420,0.24477763,3.8005967,14.80506
Selection 3,CTGAAACAGTTCGCGC-500.1.1,CTGAAACAGTTCGCGC-500.1.1,1758,500_minutes,Waterston_500_minutes_batch_1,1.36638358358086,420,450,450-510,390-450,ABpxpaappaa,961,ASH,-7.15981690364371,-3.95150748359642,2.64205981366867,1.65479175477538,-4.50555524424032,-3.94991235278752,-3.54720504425385,13,450,0.2964417,3.7538788,15.256255
Selection 3,TTCCCAGTCAGCGACC-b01,TTCCCAGTCAGCGACC-b01,3017,mixed,Murray_b01,2.34492563803382,370,370,330-390,330-390,ABpxpaappaa,1515,ASH,-3.54937533694969,-3.66061856576015,-1.65578315994669,-2.15595328946398,-3.69777772773534,-3.76979825691803,-2.14954997450725,13,370,0.13842908,3.7485595,13.467869
Selection 3,TTAACTCAGATCGATA-400.2.2,TTAACTCAGATCGATA-400.2.2,1125,400_minutes,Waterston_400_minutes,0.874392224987753,450,450,450-510,450-510,ABpxpaappaa,692,ASH,-7.27101160785336,-5.55672123271103,-1.73179427838804,-2.22127472372465,-4.654087467083,-6.28802274969067,-6.48429849102142,13,450,0.3412343,3.8564737,15.57356
Selection 3,ATCATCTCAAGAAGAG-b01,ATCATCTCAAGAAGAG-b01,879,mixed,Murray_b01,0.683191791790431,350,385,330-390,330-390,,601,,0.677438180592637,-0.293570210666476,-1.62668867054813,-1.01672341135179,0.948797432965007,1.35804053832396,2.64406967218841,13,385,0.14136757,3.7943032,13.417739
Selection 3,GATCAGTCAGCTGCAC-500.1.2,GATCAGTCAGCTGCAC-500.1.2,1391,500_minutes,Waterston_500_minutes_batch_1,1.08113740885152,450,440,390-450,450-510,ABpxpaappaa,778,ASH,-10.5876438520113,-8.44899915245702,-1.24640857346185,-1.70869046082361,-7.3813581778212,-7.71504013876534,-6.49814244217398,13,440,0.367809,3.802839,15.845402
Selection 3,TTGCCGTTCCTTTACA-b02,TTGCCGTTCCTTTACA-b02,802,mixed,Murray_b02,0.623344501724602,360,390,390-450,330-390,ABpxpaappaa,590,ASH,-0.765137483388734,-2.5432578816875,-3.45828229077148,-2.64714287082713,-0.565112028447674,-0.414916685401323,1.32897164664026,13,390,0.15315461,3.8251462,13.74345
Selection 3,CTGCTGTCAGGCTCAC-b01,CTGCTGTCAGGCTCAC-b01,1393,mixed,Murray_b01,1.08269188391817,420,415,390-450,390-450,ABalpppppap/ABpraaappap,843,AWB,-6.37842790707783,-5.32491912762258,-1.68195957061629,-2.47199469422445,-4.48628538330923,-4.80100309007547,-3.32988444439123,13,415,0.19066949,3.7570128,13.99445
Selection 3,CGTAGCGCACCCTATC-b02,CGTAGCGCACCCTATC-b02,650,mixed,Murray_b02,0.50520439665959,350,390,390-450,330-390,ABpxpaappaa,448,ASH,-1.24373749754676,-2.39683125693045,-1.97612758898752,-1.56091424698252,-0.491492853103368,-0.0136397627642427,2.29944658436477,13,390,0.18773715,3.863341,14.18949
Selection 3,CTCGTACGTGAGCGAT-400.2.2,CTCGTACGTGAGCGAT-400.2.2,1429,400_minutes,Waterston_400_minutes,1.11067243511778,450,440,390-450,450-510,ABpxpaappaa,892,ASH,-8.1612898312755,-6.08577277831755,-1.87620110161334,-2.55243456389548,-5.1114933055662,-5.64133104819288,-4.96940150272762,13,440,0.37594765,3.8364937,15.852577
Selection 3,GCTCCTAAGGATGCGT-400.2.1,GCTCCTAAGGATGCGT-400.2.1,1209,400_minutes,Waterston_400_minutes,0.939680177786838,450,430,390-450,450-510,ABpxpaappaa,766,ASH,-9.4257314735089,-7.8996760930509,-2.67527820701669,-3.0662158650815,-6.13329257041543,-7.81116065671337,-7.04526758938155,13,430,0.39152265,3.812985,16.02356
Selection 3,CTACCCAGTGGTTTCA-500.1.1,CTACCCAGTGGTTTCA-500.1.1,1563,500_minutes,Waterston_500_minutes_batch_1,1.21482226458298,490,470,450-510,450-510,ABpxpaappaa,854,ASH,-10.2045748571391,-6.2800394435311,2.57488617503804,1.35009852203301,-6.48482322023675,-5.78807115506623,-5.38755349979144,13,470,0.39515913,3.7840657,16.096867
Selection 3,ACACTGATCCCTAATT-b01,ACACTGATCCCTAATT-b01,733,mixed,Murray_b01,0.569715111925354,450,450,450-510,450-510,ABpxpaappaa,500,ASH,-4.93835267407397,-4.4663788443687,-1.58202908856103,-1.7552563076751,-3.02461646767597,-2.67512832939441,-1.28536479127892,13,450,0.33322012,3.750615,15.528643
Selection 3,GGATTACTCCCGACTT-b01,GGATTACTCCCGACTT-b01,629,mixed,Murray_b01,0.488882408459819,370,385,330-390,330-390,ABpxpaappaa,468,ASH,-1.32072418719096,-1.5423152008103,-1.13525751815353,-1.13123377113587,-0.811473883779316,-1.28750118042895,-0.416854795179463,13,385,0.16840836,3.8645132,13.874723
Selection 3,TGGTTCCTCTCCGGTT-400.2.2,TGGTTCCTCTCCGGTT-400.2.2,1037,400_minutes,Waterston_400_minutes,0.805995322055377,490,415,390-450,450-510,ABpxpaappaa,696,ASH,-8.03474507814506,-6.6507754375612,-2.1333718152935,-2.79668272304303,-5.240324584818,-6.65077087914125,-5.99010768652972,13,415,0.34163338,3.864715,15.66518
Selection 3,AGGGAGTTCCGATATG-b01,AGGGAGTTCCGATATG-b01,1258,mixed,Murray_b01,0.977764816919638,390,450,450-510,390-450,ABpxpaappaa,803,ASH,-3.46065378090772,-3.33568440988719,-1.59753997279243,-1.19032527407508,-1.73337116866799,-1.33689636173024,0.376792996283249,13,450,0.2723077,3.9295516,15.211152
Selection 3,GTAGGCCAGCACCGTC-500.1.3,GTAGGCCAGCACCGTC-500.1.3,1416,500_minutes,Waterston_500_minutes_batch_1,1.10056834718458,450,435,390-450,450-510,ABpxpaappaa,758,ASH,-9.71663493917286,-8.38948078749369,-2.81061390444543,-3.63585887375366,-7.1753428304679,-8.49519455400884,-7.22666705661089,13,435,0.33734366,3.8694673,15.590834
Selection 3,CATATGGCATCGGTTA-400.2.1,CATATGGCATCGGTTA-400.2.1,807,400_minutes,Waterston_400_minutes,0.627230689391215,410,370,330-390,390-450,ABpxpaappaa,530,ASH,-4.68006979381612,-4.12023925719575,-1.74826130502176,-2.69675182414005,-3.83677968304173,-5.15068684881194,-4.42612721588193,13,370,0.23563404,3.96255,14.69395
Selection 3,GTAGTCACACTCAGGC-b02,GTAGTCACACTCAGGC-b02,601,mixed,Murray_b02,0.467119757526791,390,415,390-450,390-450,ABpxpaappaa,463,ASH,-0.913499174293801,-2.01030647029233,-2.07731299714105,-1.10591328745593,-0.0514834759666467,0.39548903399961,2.42659429311383,13,415,0.21136583,3.8939738,14.55601
Selection 3,GCATGTATCGTTTATC-b02,GCATGTATCGTTTATC-b02,579,mixed,Murray_b02,0.450020531793697,350,370,330-390,330-390,,415,ASG_AWA,1.02877462277291,-0.669541293408243,-2.50863136029702,-2.75261903608145,-0.0164363221194703,-0.42985937244985,1.08978439147681,13,370,0.1509836,3.8851175,13.660106
Selection 3,TGAGCATGTATGAAAC-b01,TGAGCATGTATGAAAC-b01,1396,mixed,Murray_b01,1.08502359651814,390,385,330-390,390-450,ABpxpaappaa,886,ASH,-1.60671206993663,-0.828332198261943,-0.189291057102856,-0.880980115357688,0.350500128741216,-0.775969396208506,-0.220168673433165,13,385,0.2069159,3.9426262,14.418605
Selection 3,ATCTGCCCATCCCACT-b02,ATCTGCCCATCCCACT-b02,789,mixed,Murray_b02,0.613240413791411,360,390,390-450,330-390,ABpxpaappaa,554,ASH,-1.46969179149219,-2.50282860562357,-1.88964611341721,-1.41141706276149,-1.39020965921182,-0.393296129047467,1.96724759478246,13,390,0.16689056,3.8893495,13.857767
Selection 3,GGGTTGCGTAGAGTGC-b01,GGGTTGCGTAGAGTGC-b01,690,mixed,Murray_b01,0.536293897992488,370,385,330-390,330-390,ABpxpaappaa,538,ASH,1.61500666435845,1.13155386878416,-0.368158738953953,0.471280616054082,3.33695387606833,2.53938091889159,2.75153016893305,13,385,0.18733445,3.9584026,14.192349
Selection 3,TCAATCTAGAGCTATA-300.1.1,TCAATCTAGAGCTATA-300.1.1,2677,300_minutes,Waterston_300_minutes,2.08066487670419,420,385,330-390,390-450,ABpxpaappaa,1199,ASH,-7.88248800651429,-6.62022726392776,-2.77264789753164,-3.85858789098524,-6.26191645453217,-7.57833796128487,-6.47462876695524,13,385,0.21692938,3.9398131,14.478203
Selection 3,ACCTTTAAGGCCGAAT-b01,ACCTTTAAGGCCGAAT-b01,729,mixed,Murray_b01,0.566606161792064,390,380,330-390,390-450,ABpxpaappaa,520,ASH,-2.91663269841403,-3.01369104554065,-1.172965893898,-0.973855011583461,-2.08320482076157,-1.88759608292504,-0.4192308684059,13,380,0.15874471,3.8828793,13.744823
Selection 3,CACATAGAGACTAGGC-500.1.1,CACATAGAGACTAGGC-500.1.1,1369,500_minutes,Waterston_500_minutes_batch_1,1.06403818311843,380,370,330-390,330-390,ABpxpaappaa,764,ASH,-4.81065236196332,-2.10479021143382,3.07058485482619,1.76722875030417,-3.07917913901293,-2.31658711902104,-1.61674647655763,13,370,0.22793575,3.904602,14.599891
Selection 3,CTTAGGACACGCCAGT-b01,CTTAGGACACGCCAGT-b01,710,mixed,Murray_b01,0.551838648658937,630,490,450-510,580-650,ABpxpaappaa,505,ASH,-4.3648070720692,-3.89232083645793,-2.13730489545579,-1.36416575402404,-0.579384786234445,-2.22619127335448,-1.59813625988222,13,490,0.33747423,3.9178734,15.678311
Selection 3,GCGCCAATCGGTTCGG-500.2.1,GCGCCAATCGGTTCGG-500.2.1,513,500_minutes,Waterston_500_minutes_batch_2,0.398722854594415,830,470,450-510,> 650,ABpxpaappaa,397,ASH,-6.48327762857719,-4.18852660342853,3.71156369537366,6.48314637611905,-3.72286679313536,0.577134602091115,2.00031234745003,13,470,0.4030185,3.1845162,16.03122
Selection 3,TAGTGGTTCGTGACAT-500.2.2,TAGTGGTTCGTGACAT-500.2.2,2137,500_minutes,Waterston_500_minutes_batch_2,1.66095660871007,450,430,390-450,450-510,ABalppppaad/ABpraaapaad,1252,ADL,-10.8190068748636,-6.74163052853945,3.71163860113607,5.86935023940207,-6.10611450905217,-2.12213565194517,-0.939103564506092,13,430,0.39929256,3.2300231,16.10947
Selection 3,AGAGTGGGTCGAAAGC-500.2.1,AGAGTGGGTCGAAAGC-500.2.1,674,500_minutes,Waterston_500_minutes_batch_2,0.523858097459329,450,435,390-450,450-510,ABpxpaappaa,511,ASH,-4.81420729462286,0.474489412616708,10.7435921401993,13.6126177923742,-1.29754446016617,5.89796830831194,6.55349689440202,13,435,0.3662154,3.2448149,15.756442
Selection 3,AGACGTTCAATAAGCA-500.2.1,AGACGTTCAATAAGCA-500.2.1,608,500_minutes,Waterston_500_minutes_batch_2,0.472560420260048,380,425,390-450,330-390,ABpxpaappaa,433,ASH,-7.5411370471036,-4.31435266110277,2.88302519282939,3.99290566185118,-4.16625144204683,-1.64195725347702,-0.90559390084943,13,425,0.37270364,3.3024776,15.793553
Selection 3,TTAGTTCGTCTGCGGT-500.2.1,TTAGTTCGTCTGCGGT-500.2.1,551,500_minutes,Waterston_500_minutes_batch_2,0.428257880860668,390,440,390-450,390-450,ABpxpaappaa,428,ASH,-6.19159012217617,-2.72943383788915,5.85114613897538,6.06090583227885,-3.31317215786216,-0.442864273979681,0.300984705247925,13,440,0.35750404,3.3674805,15.725068
Selection 3,CGCGGTATCTTTAGTC-500.2.2,CGCGGTATCTTTAGTC-500.2.2,639,500_minutes,Waterston_500_minutes_batch_2,0.496654783793044,410,490,450-510,390-450,ABpxpaappaa,475,ASH,-9.01071313042433,-6.43391266998772,1.61815751185531,2.5956264096721,-5.54539516568578,-3.33287798316713,-1.58856649430289,13,490,0.3693104,3.367479,15.829939
Selection 3,TGGACGCCATTGCGGC-500.2.1,TGGACGCCATTGCGGC-500.2.1,734,500_minutes,Waterston_500_minutes_batch_2,0.570492349458676,420,440,390-450,390-450,ABpxpaappaa,521,ASH,-7.44535140921354,-3.82123930817036,4.32740267528771,5.91564244152485,-3.93911655345536,-0.753594592671193,-0.119133391010861,13,440,0.36763206,3.3463259,15.830051
Selection 3,TGGCTGGTCTGCTGTC-b01,TGGCTGGTCTGCTGTC-b01,554,mixed,Murray_b01,0.430589593460636,490,440,390-450,450-510,ABpxpaappaa,419,ASH,-5.35471082973045,-4.58027359745498,-0.0695591873874565,-0.441081894951778,-3.08172494160401,-2.29197182463932,-0.595131595629996,13,440,0.31832305,3.4801648,15.452695
Selection 3,GTCATTTGTTTGCATG-500.2.1,GTCATTTGTTTGCATG-500.2.1,539,500_minutes,Waterston_500_minutes_batch_2,0.418931030460799,360,410,390-450,330-390,ABpxpaappaa,439,ASH,-4.00661476066667,3.10497120058777,15.4337742659397,17.6256041159294,-0.637481457584904,8.53540905835502,8.88959010275256,13,410,0.19071172,3.3877692,14.139853
Selection 3,GGTGTTAGTGCACGAA-500.2.1,GGTGTTAGTGCACGAA-500.2.1,1097,500_minutes,Waterston_500_minutes_batch_2,0.852629574054724,380,410,390-450,330-390,ABpxpaappaa,771,ASH,-4.46988648117957,1.94517270627214,12.3762172576441,14.7594184482089,-0.459498349284917,6.44476383268213,6.37364744067342,13,410,0.22741176,3.4826028,14.556707
Selection 3,GTGTTAGCACCTATCC-b01,GTGTTAGCACCTATCC-b01,722,mixed,Murray_b01,0.561165499058807,490,470,450-510,450-510,ABpxpaappaa,557,ASH,-5.2408302929005,-5.3397805453748,-2.11853212444548,-1.7200719699703,-2.75000929366004,-2.83499875399966,-0.869516268609383,13,470,0.35486805,3.5152066,15.777467
Selection 3,CGCTTCACAACTGCTA-500.2.2,CGCTTCACAACTGCTA-500.2.2,1192,500_minutes,Waterston_500_minutes_batch_2,0.926467139720357,410,450,450-510,390-450,ABpxpaappaa,785,ASH,-7.40964905518968,-2.83964914518574,6.11858777267342,7.7207099959305,-3.60190151502349,0.221444645764076,0.613399468589069,13,450,0.35561442,3.52058,15.733486
Selection 3,TGTGGTAAGCTAACAA-400.2.2,TGTGGTAAGCTAACAA-400.2.2,1084,400_minutes,Waterston_400_minutes,0.842525486121532,490,470,450-510,450-510,ABpxpaappaa,686,ASH,-8.34393609155819,-6.73323783747736,-1.8317873616031,-2.36189137960414,-5.32575549482964,-6.42243514116377,-5.46526105411241,13,470,0.38699496,3.521806,15.964491
Selection 3,TTCTCAATCGCACTCT-300.1.1,TTCTCAATCGCACTCT-300.1.1,1855,300_minutes,Waterston_300_minutes,1.44177562431314,300,280,270-330,270-330,,980,,3.37375018203501,0.763729638377799,-2.60793087337006,-2.98418553042786,0.0856068372883351,-1.33282552934002,-1.04843324786513,3,280,0.036174536,4.9634976,10.916151
Selection 3,TCGTAGAAGTGAAGTT-300.1.3,TCGTAGAAGTGAAGTT-300.1.3,1780,300_minutes,Waterston_300_minutes,1.38348280931396,230,225,210-270,210-270,ABpxpaappa,894,,6.13330257431653,2.07212346400908,-3.22736747740564,-3.56631348737831,1.79888157859886,-0.0506301764105133,-0.230589537157777,3,225,0.014789858,6.034368,10.221416
Selection 3,GCTGCGATCTATCCCG-300.1.1,GCTGCGATCTATCCCG-300.1.1,1744,300_minutes,Waterston_300_minutes,1.35550225811435,270,260,210-270,270-330,,828,,5.51633215361823,1.75896362486517,-3.17415524530817,-3.48072233742785,0.854704605990856,-1.09976009335391,-1.48356917809269,3,260,0.020294772,5.653699,10.540946
Selection 3,GTTACAGTCTGATTCT-300.1.3,GTTACAGTCTGATTCT-300.1.3,1878,300_minutes,Waterston_300_minutes,1.45965208757956,260,270,270-330,210-270,,939,,5.06187268873174,1.25111314738041,-3.45976720454061,-3.62198636640317,0.746921887060023,-0.832478481467007,-0.67320727518161,3,270,0.029572457,5.654071,10.445745
Selection 3,AGGCCGTTCAGTACGT-300.1.3,AGGCCGTTCAGTACGT-300.1.3,2388,300_minutes,Waterston_300_minutes,1.856043229574,220,230,210-270,210-270,ABpxpaappa,1144,,6.23855095174143,1.7168647138407,-3.74596991361607,-3.87219568789062,1.42337736360139,-0.693410300752692,-1.12510984805578,3,230,0.016416509,5.890801,10.358761
Selection 3,TGCACCTAGAGGTAGA-300.1.1,TGCACCTAGAGGTAGA-300.1.1,1572,300_minutes,Waterston_300_minutes,1.22181740238289,260,265,210-270,210-270,,770,,4.38018750875319,0.565565268802266,-3.81728598699377,-3.90078639211557,0.200169586319872,-1.19497241194927,-0.70689960920654,3,265,0.018498877,6.0026646,10.458168
Selection 3,TGACAACTCTATCCCG-b01,TGACAACTCTATCCCG-b01,1149,mixed,Murray_b01,0.893045925787491,260,385,330-390,210-270,ABpxaapapaa,660,AWA,4.60476781147696,1.46667212177952,-2.11316544121755,-1.8551773817078,2.11492363548799,1.43512381446472,2.0381989234972,3,385,0.01702654,5.8984675,10.630634
Selection 3,CAGCTAATCCGTTGCT-300.1.1,CAGCTAATCCGTTGCT-300.1.1,2124,300_minutes,Waterston_300_minutes,1.65085252077688,260,265,210-270,210-270,,1044,,5.46943171986596,1.95591864014995,-2.89966799097117,-3.07489263499318,1.57654670101472,-0.173891249100567,-0.45366530980155,3,265,0.025096137,5.684109,10.416552
Selection 3,CAAGTTGTCTCCGGTT-300.1.1,CAAGTTGTCTCCGGTT-300.1.1,2198,300_minutes,Waterston_300_minutes,1.70836809824274,260,260,210-270,210-270,,1078,,4.78678583620847,0.774054351161499,-3.89495342321442,-3.9613559548336,0.270062476392338,-1.55081531499693,-1.46210164414054,3,260,0.02155788,5.7944245,10.599093
Selection 3,TCCACACGTGTAACGG-300.1.1,TCCACACGTGTAACGG-300.1.1,1887,300_minutes,Waterston_300_minutes,1.46664722537946,260,260,210-270,210-270,,888,,5.30774274364631,1.39654703427622,-3.39492426764172,-3.58618643244202,0.681090046783033,-1.09694081327378,-1.30646882771091,3,260,0.02142871,6.1235466,10.511263
Selection 3,TCCCGATCAGACGTAG-300.1.2,TCCCGATCAGACGTAG-300.1.2,2057,300_minutes,Waterston_300_minutes,1.59877760604427,270,260,210-270,270-330,ABpxaapapa,1025,Neuroblast_ASG_AWA,5.20441676261979,1.30215961950064,-3.28214356972159,-3.36320812779058,1.09165218797716,-0.522882294679372,-0.46679026407355,3,260,0.019976258,5.8658447,10.425612
Selection 3,ATCCACCAGTCCATAC-300.1.2,ATCCACCAGTCCATAC-300.1.2,1908,300_minutes,Waterston_300_minutes,1.48296921357923,260,260,210-270,210-270,,945,,5.50260263158362,1.75169842798714,-2.94695679896199,-3.2831446718775,0.921919776746045,-0.629189926235779,-0.872818066347759,3,260,0.016982619,6.0289197,10.386866
Selection 3,ACATACGAGAGTAATC-b01,ACATACGAGAGTAATC-b01,1203,mixed,Murray_b01,0.935016752586904,270,385,330-390,270-330,ABpxaapapaa,711,AWA,3.71198600999689,0.624589579189479,-2.57203162604224,-2.05490107533084,1.25210938510188,0.834974080327615,1.71892174910779,3,385,0.023127964,5.665533,10.408957
Selection 3,AACTCCCAGTGTACTC-300.1.1,AACTCCCAGTGTACTC-300.1.1,2254,300_minutes,Waterston_300_minutes,1.7518934001088,260,260,210-270,210-270,,1116,,5.28029771450939,1.14218883065248,-3.42907034060703,-3.57326990843753,0.477234469951779,-1.29931105136313,-1.5552731909182,3,260,0.016981423,5.804522,10.409365
Selection 3,GAACCTAAGGTGACCA-400.2.2,GAACCTAAGGTGACCA-400.2.2,2068,400_minutes,Waterston_400_minutes,1.60732721891082,260,260,210-270,210-270,,1001,,5.68156832612666,1.84777005011621,-3.03652434788938,-3.3626220761177,0.952528345366741,-0.877589904238037,-1.31784070214198,3,260,0.019666152,5.6882215,10.506119
Selection 3,ATCACGATCGGCATCG-300.1.1,ATCACGATCGGCATCG-300.1.1,1102,300_minutes,Waterston_300_minutes,0.856515761721336,260,265,210-270,210-270,,649,,5.47855309000987,1.43693084004455,-3.45330965824331,-3.70122498041146,0.849184343824463,-0.795530166814949,-0.68151384514731,3,265,0.027801655,5.7956367,10.50293
Selection 3,GACGGCTTCCCATTTA-400.2.2,GACGGCTTCCCATTTA-400.2.2,3204,400_minutes,Waterston_400_minutes,2.49026905676512,230,230,210-270,210-270,ABalpppapa/ABpraaaapa,1383,Neuroblast_AFD_RMD,6.13645316400809,2.10052783665158,-3.62979102096716,-3.79107970555034,1.43898429084159,-0.824867409386696,-1.42774740595318,3,230,0.022136664,6.196191,10.447931
Selection 3,CGCTGGAGTCGGCTCA-300.1.1,CGCTGGAGTCGGCTCA-300.1.1,1962,300_minutes,Waterston_300_minutes,1.52494004037864,210,260,210-270,210-270,ABpxpaappa,991,,6.00284668899025,1.87171202383577,-3.04695110783053,-3.4262620868298,1.43085248612134,-0.506054368671656,-0.939109909413916,3,260,0.013511467,6.1776648,10.36664
Selection 3,CTGGTCTTCGGCGGTT-300.1.1,CTGGTCTTCGGCGGTT-300.1.1,1192,300_minutes,Waterston_300_minutes,0.926467139720357,260,270,270-330,210-270,,667,,4.53330478675013,0.850029722561648,-3.13985090774211,-3.24228132625697,0.44079704160965,-0.825441874919167,-0.420137967557235,3,270,0.024058236,5.7693057,10.43351
Selection 3,CGCTGGACACTAAGTC-300.1.1,CGCTGGACACTAAGTC-300.1.1,1728,300_minutes,Waterston_300_minutes,1.34306645758119,270,270,270-330,270-330,,882,,5.20867764339403,1.48081351233989,-3.29912789368457,-3.44882696807401,0.952699449708217,-0.722612348537594,-0.751274953446432,3,270,0.025250696,5.662824,10.5933
Selection 3,CGCTATCTCGCCAGCA-400.2.2,CGCTATCTCGCCAGCA-400.2.2,1744,400_minutes,Waterston_400_minutes,1.35550225811435,260,260,210-270,210-270,,904,,6.44708797636711,2.68305701785127,-2.94913370396119,-3.23294915292599,1.95993008438483,-0.0706762591959992,-0.928672228746182,3,260,0.019052856,5.995101,10.41838
Selection 3,TGAAAGAAGCAGGTCA-400.2.2,TGAAAGAAGCAGGTCA-400.2.2,1646,400_minutes,Waterston_400_minutes,1.27933297984875,260,260,210-270,210-270,ABpxpaappa,829,,6.1838935139712,2.74864301985441,-2.20080523468019,-2.66471326096006,1.91007938704515,0.0513577839130334,-0.6019817975019,3,260,0.014137404,6.172153,10.355825
Selection 3,AAGGAGCTCTTATCTG-300.1.2,AAGGAGCTCTTATCTG-300.1.2,2371,300_minutes,Waterston_300_minutes,1.84283019150752,260,260,210-270,210-270,,1205,,5.88327812737868,1.6498489941901,-3.74696717548781,-3.89962400175951,1.1993026208938,-0.964420712093893,-1.44145944663023,3,260,0.022440042,5.7854924,10.593109
Selection 3,TACCTATGTTACTGAC-400.2.1,TACCTATGTTACTGAC-400.2.1,1609,400_minutes,Waterston_400_minutes,1.25057519111582,260,260,210-270,210-270,,871,,5.55466114906401,1.70882000495401,-3.17137626537034,-3.47663990631596,0.864753578489513,-1.16315565943086,-1.8887921100318,3,260,0.01937643,5.980052,10.538217
Selection 3,CGGGTCAAGATAGCAT-400.2.3,CGGGTCAAGATAGCAT-400.2.3,2249,400_minutes,Waterston_400_minutes,1.74800721244218,230,230,210-270,210-270,ABpxppapp,1131,,7.0165388757508,3.13942822975118,-2.54780820587767,-2.71846495059402,2.88758280200197,0.869646757046389,0.11535042470891,3,230,0.015075155,6.1713333,10.350046
Selection 3,GTGCTTCGTTGTGGCC-400.2.2,GTGCTTCGTTGTGGCC-400.2.2,1357,400_minutes,Waterston_400_minutes,1.05471133271856,260,260,210-270,210-270,,644,,6.26616246195168,2.33446725328076,-3.67645905165545,-3.96443856042473,1.45074501538329,-1.35127370502382,-2.53125995108276,3,260,0.0171643,5.867713,10.314184
Selection 3,CACAGGCAGATCCCAT-400.2.3,CACAGGCAGATCCCAT-400.2.3,1522,400_minutes,Waterston_400_minutes,1.18295552571676,260,260,210-270,210-270,,805,,6.15779340183104,3.02031658171648,-1.80488144941181,-1.90404513214682,2.51869951187295,0.671407382942964,-0.332662314103998,3,260,0.022928912,5.7181582,10.325448
Selection 3,AAATGCCTCTTACCGC-400.2.2,AAATGCCTCTTACCGC-400.2.2,1796,400_minutes,Waterston_400_minutes,1.39591860984711,260,230,210-270,210-270,,899,,6.37519056459943,2.09089916134496,-3.53903464075238,-3.65746246089473,2.182986561173,0.0651300883437194,-0.266901892525434,3,230,0.012328075,6.2478194,10.3400955
Selection 3,GAACGGACACGAAGCA-400.2.3,GAACGGACACGAAGCA-400.2.3,1248,400_minutes,Waterston_400_minutes,0.969992441586414,230,260,210-270,210-270,,635,,6.8701456636902,2.86849440824367,-2.77488672716786,-3.09251606071372,2.06765022233443,-0.181623986920084,-1.21292151188188,3,260,0.019719899,6.0037394,10.29615
Selection 3,TCATTTGGTAGTGAAT-400.2.1,TCATTTGGTAGTGAAT-400.2.1,1570,400_minutes,Waterston_400_minutes,1.22026292731624,260,260,210-270,210-270,,817,,5.38347555778464,1.73745205284777,-2.78280816593667,-3.12065286332315,1.29586242389011,-0.289251553689268,-0.454935987297741,3,260,0.024628634,5.77222,10.290113
Selection 3,ACATACGGTGGGTATG-400.2.1,ACATACGGTGGGTATG-400.2.1,1113,400_minutes,Waterston_400_minutes,0.865065374587883,230,170,170-210,210-270,ABalpppppp/ABpraaappp,651,,9.2634058074518,5.30874795692098,-0.79247307468877,-1.714163600486,4.59791164428319,2.07967094952677,0.423920975590889,3,170,0.024363086,6.4269776,10.299576
Selection 3,TAAACCGTCAAAGACA-400.2.3,TAAACCGTCAAAGACA-400.2.3,1492,400_minutes,Waterston_400_minutes,1.15963839971709,260,270,270-330,210-270,,805,,5.47907122073306,3.1872944016703,-2.02047919095482,-2.11337181302228,2.53685322869172,0.48131146744227,-0.563155878072848,3,270,0.019750282,5.75851,10.271841
Selection 3,GCACATACATTTCACT-300.1.1,GCACATACATTTCACT-300.1.1,1955,300_minutes,Waterston_300_minutes,1.51949937764538,230,260,210-270,210-270,ABpxpaappa,882,,5.56057534756815,1.84263496308928,-2.99648165745317,-3.29044455284794,1.30612759809958,-0.341124665433947,-0.46162105201175,3,260,0.015302467,6.0009694,10.262458
Selection 3,TCAGCTCCACCGAAAG-300.1.3,TCAGCTCCACCGAAAG-300.1.3,2051,300_minutes,Waterston_300_minutes,1.59411418084434,260,260,210-270,210-270,,978,,4.75252231626248,1.01668489561895,-3.2681658288136,-3.39883532022429,0.608989561870429,-0.778093975979427,-0.557229288949291,3,260,0.01659815,5.924118,10.305797
Selection 3,GTACTCCTCGCTTAGA-400.2.3,GTACTCCTCGCTTAGA-400.2.3,1504,400_minutes,Waterston_400_minutes,1.16896525011696,260,260,210-270,210-270,,767,,5.3917887098705,1.70613755960891,-2.94074239791761,-3.19425454895738,0.722056456660834,-0.763732617036386,-0.991935885052364,3,260,0.015757725,5.946181,10.333057
Selection 3,GTAACTGCACAGACAG-400.2.1,GTAACTGCACAGACAG-400.2.1,1494,400_minutes,Waterston_400_minutes,1.16119287478374,200,245,210-270,170-210,,758,,7.85866446681737,3.81524179947583,-2.34622214465017,-2.72437844411517,3.31653591279801,0.932835021985009,-0.128827662340755,3,245,0.013356445,6.302257,10.253929
Selection 3,GATCAGTAGTGCAAGC-400.2.2,GATCAGTAGTGCAAGC-400.2.2,1463,400_minutes,Waterston_400_minutes,1.13709851125074,260,260,210-270,210-270,,767,,5.05051015847391,1.81790111362979,-2.22216804964748,-2.52109925087775,0.87301435435401,-0.445904395870028,-0.691398934407147,3,260,0.01303536,5.743663,10.225522
Selection 3,GCAGCCACAGATGGCA-400.2.3,GCAGCCACAGATGGCA-400.2.3,1752,400_minutes,Waterston_400_minutes,1.36172015838093,220,260,210-270,210-270,ABpxpaappa,837,,6.92305681678659,2.46554701881858,-3.48662670596927,-3.80444774064257,1.56658070190497,-0.934615509649613,-1.96074495589883,3,260,0.017126534,6.0498195,10.351909
Selection 3,TCGTAGAAGGCTATCT-400.2.2,TCGTAGAAGGCTATCT-400.2.2,1109,400_minutes,Waterston_400_minutes,0.861956424454594,230,260,210-270,210-270,,658,,6.05349109783504,2.96166263845764,-2.86668043357212,-2.83790941252205,3.65655812529647,0.994215187581726,0.129188535518216,2,260,0.07151777,5.132422,11.6494
Selection 3,CGCGGTATCAAGGTAA-300.1.3,CGCGGTATCAAGGTAA-300.1.3,1655,300_minutes,Waterston_300_minutes,1.28632811764865,270,265,210-270,270-330,,925,,3.63457806174248,0.366304267056439,-3.21220010526718,-3.37439681243934,-0.5256280659434,-1.7724500618624,-1.47625384532903,3,265,0.03451898,5.2031,10.861879
Selection 3,CTTACCGCATGCCTTC-300.1.1,CTTACCGCATGCCTTC-300.1.1,2059,300_minutes,Waterston_300_minutes,1.60033208111092,270,270,270-330,270-330,,1068,,3.87297466406006,0.798152445100336,-3.21493764532468,-3.37690259408689,-0.150716803097504,-1.5440041988818,-1.50678466816966,3,270,0.03647999,4.976775,10.990813
Selection 3,ACGGCCAGTTCCACAA-400.2.1,ACGGCCAGTTCCACAA-400.2.1,1857,400_minutes,Waterston_400_minutes,1.44333009937978,270,260,210-270,270-330,,971,,4.03373411934768,0.962030476053652,-2.80133597242489,-2.887393764846,0.409204457300297,-0.73213744038724,-0.45739689599037,3,260,0.040153265,4.983201,11.00821
Selection 3,ACGCCAGAGGGTTCCC-400.2.3,ACGCCAGAGGGTTCCC-400.2.3,1933,400_minutes,Waterston_400_minutes,1.50240015191229,270,260,210-270,270-330,,986,,4.49709428988075,1.41445445075184,-2.45901223407861,-2.69701856927781,0.25474005692254,-0.95199509154072,-1.13900201579248,3,260,0.032816928,5.037431,10.96985
Selection 3,CTGCTGTGTAGCCTCG-300.1.2,CTGCTGTGTAGCCTCG-300.1.2,2012,300_minutes,Waterston_300_minutes,1.56380191704476,260,260,210-270,210-270,ABalpppppp/ABpraaappp,1093,Neuroblast_ASE_ASJ_AUA,4.52505818223886,1.19691097346677,-3.58721886839575,-3.53631529733265,1.42051955712592,-0.602529353514786,-0.76501605603815,2,260,0.07593588,5.12116,11.792574
Selection 3,CAGCTAATCTTCATGT-300.1.1,CAGCTAATCTTCATGT-300.1.1,2093,300_minutes,Waterston_300_minutes,1.62675815724388,280,270,270-330,270-330,,1071,,3.32287012775285,0.123686701835256,-3.32646028013717,-3.44160701428478,-0.50015565951972,-1.73290395235085,-1.28287416668461,3,270,0.03380942,5.1508985,10.856104
Selection 3,GGGAGATAGGCCATAG-300.1.3,GGGAGATAGGCCATAG-300.1.3,1981,300_minutes,Waterston_300_minutes,1.53970755351177,270,330,330-390,270-330,,1133,,3.95301890510418,0.579766274446891,-3.32279356223844,-3.3539486648824,0.223009289300691,-1.23997351287934,-0.933022949871,3,330,0.026943697,5.447191,11.075193
Selection 3,GCTCTGTAGGCTCTTA-400.2.3,GCTCTGTAGGCTCTTA-400.2.3,2481,400_minutes,Waterston_400_minutes,1.92832632017299,270,285,270-330,270-330,,1223,,4.17759377629858,1.68102668009729,-2.11237130782039,-2.34777118219728,0.966403109359373,-0.497657907065836,-0.66181564012693,3,285,0.027035782,5.272323,10.902501
Selection 3,GACGGCTGTATCTGCA-400.2.3,GACGGCTGTATCTGCA-400.2.3,1522,400_minutes,Waterston_400_minutes,1.18295552571676,260,260,210-270,210-270,,773,,4.93760304020196,1.31595965646089,-2.94740117768539,-2.96050473609716,0.761716676700498,-0.432895983174079,-0.532599781805583,3,260,0.016001984,5.5805073,10.26577
Selection 3,AGCATACGTAGCGATG-b01,AGCATACGTAGCGATG-b01,1098,mixed,Murray_b01,0.853406811588047,270,270,270-330,270-330,,675,,4.98327979970039,2.4403488079078,-1.48503812473567,-1.58949998836653,2.86302370939335,2.07966205951609,2.4807780685544,3,270,0.032159913,4.9649544,10.827497
Selection 3,CGAGAAGAGAATTGTG-400.2.2,CGAGAAGAGAATTGTG-400.2.2,1738,400_minutes,Waterston_400_minutes,1.35083883291441,270,260,210-270,270-330,,861,,4.8461151950326,1.69440203807741,-2.55695789814765,-2.89840989247271,0.568178968379182,-1.01850892262334,-1.44287780296384,3,260,0.028325541,5.2576756,10.789577
Selection 3,GGAAAGCTCGCTGATA-400.2.2,GGAAAGCTCGCTGATA-400.2.2,1729,400_minutes,Waterston_400_minutes,1.34384369511451,280,270,270-330,270-330,,864,,3.24888880807281,0.383384180291902,-2.97298579911791,-3.13528479385944,-0.0182879558358326,-1.12645684069364,-0.471725641995914,3,270,0.037010655,5.061318,10.772296
Selection 3,GATGCTAGTTGTACAC-400.2.1,GATGCTAGTTGTACAC-400.2.1,975,400_minutes,Waterston_400_minutes,0.757806594989386,270,260,210-270,270-330,,550,,5.73440130708571,3.17146035041391,-2.3232337615663,-2.44497155315104,3.20807236787888,0.712008009248449,-0.416795367523037,3,260,0.041872304,5.103677,10.52656
Selection 3,CTACCCATCCGGGTGT-400.2.3,CTACCCATCCGGGTGT-400.2.3,1895,400_minutes,Waterston_400_minutes,1.47286512564604,270,290,270-330,270-330,,1022,,4.10301918805825,1.05565821610836,-3.07542214923211,-3.34427306669899,0.225221643327986,-1.52075416030142,-1.66394389639536,3,290,0.035672747,5.080919,10.802952
Selection 3,ACTGAGTGTCTGATTG-b01,ACTGAGTGTCTGATTG-b01,1009,mixed,Murray_b01,0.784232671122349,270,270,270-330,270-330,,620,,4.14408173472402,1.47825185965882,-2.02986130652751,-1.55156932808535,1.66815569891285,1.60244493349349,2.47898864702952,3,270,0.034491096,5.443282,10.407538
Selection 3,CGGCTAGCAACTTGAC-300.1.1,CGGCTAGCAACTTGAC-300.1.1,1008,300_minutes,Waterston_300_minutes,0.783455433589026,270,215,210-270,270-330,,594,,3.14293798602685,-0.0957598557250937,-3.52686173374016,-3.47157705706247,-0.567805449840285,-1.46574691454371,-0.772415052391164,3,215,0.03825574,5.139509,10.716915
Selection 3,CCTCAGTAGTGCGTGA-400.2.1,CCTCAGTAGTGCGTGA-400.2.1,1506,400_minutes,Waterston_400_minutes,1.1705197251836,270,260,210-270,270-330,,813,,3.87791610704985,0.686068794275342,-3.22484284698285,-3.29913880045742,0.0209041419431632,-1.36444216111591,-1.20345985443521,3,260,0.035122808,5.167824,10.514418
Selection 3,ATGTGTGTCTCAAACG-400.2.1,ATGTGTGTCTCAAACG-400.2.1,1337,400_minutes,Waterston_400_minutes,1.03916658205211,270,270,270-330,270-330,,695,,4.89745528885666,1.88009938365423,-2.35873683400861,-2.80669348041974,0.662872806195437,-0.887098729377884,-1.21883543528903,3,270,0.024711806,5.4782314,10.429564
Selection 3,GTCATTTGTACAAGTA-300.1.3,GTCATTTGTACAAGTA-300.1.3,2333,300_minutes,Waterston_300_minutes,1.81329516524127,280,245,210-270,270-330,,1238,,4.66757725213723,1.31599624127025,-3.16688124542524,-2.84579073963539,1.03157782849948,-0.115051726067857,-0.0269189792491171,3,245,0.03320263,4.9703865,10.751202
Selection 3,GTACGTATCGCGCCAA-400.2.3,GTACGTATCGCGCCAA-400.2.3,1425,400_minutes,Waterston_400_minutes,1.10756348498449,270,270,270-330,270-330,,815,,4.50005955759795,1.29892168590903,-2.86507625919991,-3.03569482208072,0.626177474057116,-0.746103509514489,-0.76693243415026,3,270,0.029845405,5.3588233,10.476902
Selection 3,ATCTACTTCGTCCAGG-400.2.1,ATCTACTTCGTCCAGG-400.2.1,1562,400_minutes,Waterston_400_minutes,1.21404502704966,260,270,270-330,210-270,,829,,5.16784971529432,1.99775042585577,-2.14597900971911,-2.26999108237018,1.25271710222831,0.092748529339538,-0.0731943981338416,3,270,0.021551913,5.5997086,10.371511
Selection 3,GGTATTGAGAGTCGGT-300.1.2,GGTATTGAGAGTCGGT-300.1.2,2153,300_minutes,Waterston_300_minutes,1.67339240924323,270,270,270-330,270-330,,1104,,4.72020687464364,1.14999852118604,-3.27190169731089,-3.24797098168791,0.795416471512407,-0.708581668601178,-0.619893888753949,3,270,0.023477135,5.3084807,10.622315
Selection 3,TGCTACCTCCTCAACC-400.2.2,TGCTACCTCCTCAACC-400.2.2,1719,400_minutes,Waterston_400_minutes,1.33607131978129,270,270,270-330,270-330,,883,,4.72621886994983,1.73859040087055,-2.36223746122582,-2.44578206578306,0.593155560924172,-0.61030273700361,-0.857022618283359,3,270,0.03630681,5.0158854,10.822598
Selection 3,CCGGTAGGTTGTACAC-400.2.3,CCGGTAGGTTGTACAC-400.2.3,1994,400_minutes,Waterston_400_minutes,1.54981164144496,260,270,270-330,210-270,,1047,,5.25159553892538,2.23524690352049,-2.38196793791464,-2.25443555105939,1.81294686210844,0.589788047117906,0.362658866777589,3,270,0.03001838,5.3441854,10.387267
Selection 3,TTATGCTAGCCGGTAA-300.1.1,TTATGCTAGCCGGTAA-300.1.1,1445,300_minutes,Waterston_300_minutes,1.12310823565094,290,270,270-330,270-330,,807,,3.90632168304474,0.90474351950478,-2.97152529137039,-3.18986548246281,0.0870453308126489,-1.28485637715637,-1.30203659234367,3,270,0.035559967,5.174071,10.7878
Selection 3,TACCTATGTTATGTGC-b01,TACCTATGTTATGTGC-b01,1257,mixed,Murray_b01,0.976987579386316,270,275,270-330,270-330,,763,,4.01941931059018,1.46422252394259,-1.64255083202391,-1.45563630379762,1.46557097799163,1.05366768128763,1.68134797887465,3,275,0.028736174,5.251761,10.676856
Selection 3,TTAGGACGTCATCGGC-300.1.1,TTAGGACGTCATCGGC-300.1.1,1914,300_minutes,Waterston_300_minutes,1.48763263877916,260,260,210-270,210-270,,915,,4.14199121503241,0.402243355917477,-3.57850989566454,-3.59764599894809,-0.414145167956181,-1.80014643319805,-1.56093851492602,3,260,0.032929704,5.318377,10.7303295
Selection 3,GGGCACTTCGGAAATA-300.1.2,GGGCACTTCGGAAATA-300.1.2,2375,300_minutes,Waterston_300_minutes,1.84593914164081,270,270,270-330,270-330,,1142,,3.88261891974932,0.512510355919626,-3.42536913152944,-3.45691038844768,0.128902058274666,-1.09507619445262,-0.624259631653954,3,270,0.025567068,5.440137,10.689737
Selection 3,TTCTACAAGTCGAGTG-300.1.1,TTCTACAAGTCGAGTG-300.1.1,1875,300_minutes,Waterston_300_minutes,1.45732037497959,270,270,270-330,270-330,,962,,4.79010084502332,2.16636335835126,-1.62227316670339,-2.27702407438443,0.79718841262172,-0.548966609466954,-0.918302948188601,3,270,0.029558716,5.500403,10.504084
Selection 3,TCCCGATCACCAACCG-300.1.1,TCCCGATCACCAACCG-300.1.1,1934,300_minutes,Waterston_300_minutes,1.50317738944561,270,270,270-330,270-330,,968,,4.06037959921443,0.585195169145749,-3.53932156892337,-3.62487012449755,0.0400118183025342,-1.54787625194083,-1.36488195186056,3,270,0.030808445,5.494031,10.5127
Selection 3,AGTGTCAAGCGATTCT-400.2.1,AGTGTCAAGCGATTCT-400.2.1,1879,400_minutes,Waterston_400_minutes,1.46042932511288,270,265,210-270,270-330,,969,,4.55596620793447,1.80278295369435,-2.1383639659328,-2.5522293601174,1.10196357829445,-0.194728163209516,-0.142020202094093,3,265,0.03505203,5.2014785,10.4709635
Selection 3,CCACTACTCACTGGGC-400.2.3,CCACTACTCACTGGGC-400.2.3,1251,400_minutes,Waterston_400_minutes,0.972324154186381,260,260,210-270,210-270,,680,,6.95022623069604,3.97410032167802,-1.24119451683544,-1.68101304626834,2.69172138157247,0.732926773996527,-0.743655305710976,3,260,0.023627399,5.4184904,10.719621
Selection 3,TTCCCAGGTTCAGCGC-300.1.3,TTCCCAGGTTCAGCGC-300.1.3,2121,300_minutes,Waterston_300_minutes,1.64852080817691,270,260,210-270,270-330,,1077,,4.12062746700501,0.949005905293514,-3.09541322882166,-3.30475188842646,0.0735086728481273,-1.40283132859565,-1.47067683682083,3,260,0.031795483,5.263478,10.79888
Selection 3,AGGGATGAGCCGCCTA-300.1.1,AGGGATGAGCCGCCTA-300.1.1,1641,300_minutes,Waterston_300_minutes,1.27544679218214,270,270,270-330,270-330,,797,,4.43244469691409,0.99990948514365,-3.2059322986814,-3.31216290004209,0.455219756795669,-0.79622252301561,-0.425504069870516,3,270,0.026824756,5.260507,10.550119
Selection 3,TACCTATGTGACGGTA-400.2.3,TACCTATGTGACGGTA-400.2.3,1470,400_minutes,Waterston_400_minutes,1.142539173984,260,260,210-270,210-270,,800,,5.67614890375889,2.18401373337483,-2.63562166669244,-2.87506885273135,1.23058815428473,-0.328117761117506,-0.832389343001243,3,260,0.020430887,5.5150404,10.565678
Selection 3,GATGAGGCACGGCTAC-400.2.1,GATGAGGCACGGCTAC-400.2.1,1453,400_minutes,Waterston_400_minutes,1.12932613591752,270,260,210-270,270-330,,776,,4.88764712556466,1.67012639786378,-2.6553233077735,-3.03092410058574,0.661270689935811,-0.988702906844655,-1.3852452933366,3,260,0.03187975,5.154874,10.726318
Selection 3,GGCTGGTTCAGCTTAG-300.1.2,GGCTGGTTCAGCTTAG-300.1.2,2078,300_minutes,Waterston_300_minutes,1.61509959424404,230,270,270-330,210-270,ABpxpaappa,1052,,4.21886307787832,0.893445639928962,-3.32313741563907,-3.29119814381907,0.488380417216652,-0.975788633602019,-0.855260981009625,3,270,0.02730941,5.4158006,10.678539
Selection 3,GTGCTTCTCAACGGCC-300.1.2,GTGCTTCTCAACGGCC-300.1.2,1968,300_minutes,Waterston_300_minutes,1.52960346557858,270,270,270-330,270-330,,976,,4.64853976138006,1.30013742269638,-3.11911224132427,-3.25826039695381,1.00957521054656,-0.477736790018537,-0.239419693609131,3,270,0.024640672,5.475847,10.790281
Selection 3,CGCTTCAAGGCATGGT-300.1.2,CGCTTCAAGGCATGGT-300.1.2,2591,300_minutes,Waterston_300_minutes,2.01382244883846,260,260,210-270,210-270,,1226,,5.09374150701366,1.46571038181859,-2.96504259030739,-3.02855528811575,1.06911669971085,-0.296584496250937,-0.320356661640911,3,260,0.023678761,5.559543,10.493214
Selection 3,TGTGGTACAATCACAC-300.1.3,TGTGGTACAATCACAC-300.1.3,2002,300_minutes,Waterston_300_minutes,1.55602954171154,260,260,210-270,210-270,,1005,,5.61944954487989,1.6347521497663,-3.61892298595179,-3.77373520157966,1.48909271519535,-0.215257197625158,-0.126755241202046,3,260,0.022838777,5.603098,10.547573
Selection 3,ATCACGAGTCGAGTTT-300.1.1,ATCACGAGTCGAGTTT-300.1.1,2221,300_minutes,Waterston_300_minutes,1.72624456150915,260,260,210-270,210-270,,1043,,5.2712542855307,1.19788306594663,-3.6436995038018,-3.78349794900096,0.75183019285235,-1.09302274309891,-1.20454964031872,3,260,0.017292509,5.6149077,10.245673
Selection 3,AATCGGTAGTTCGATC-400.2.3,AATCGGTAGTTCGATC-400.2.3,1641,400_minutes,Waterston_400_minutes,1.27544679218214,260,265,210-270,210-270,,843,,4.70954046681141,1.53666860648394,-2.82861581865917,-2.92016366631349,0.962571820775248,-0.442736879300169,-0.481298037939386,3,265,0.024376918,5.6251335,10.544194
Selection 3,CATGCCTCACTTCTGC-400.2.2,CATGCCTCACTTCTGC-400.2.2,1502,400_minutes,Waterston_400_minutes,1.16741077505032,260,265,210-270,210-270,,716,,4.83611904220822,1.25266829268177,-3.22899127567326,-3.29606065545462,0.542107207377372,-0.873373343539635,-0.873573292745301,3,265,0.019702438,5.6394444,10.640939
Selection 3,AGAGCTTTCCGTCATC-400.2.1,AGAGCTTTCCGTCATC-400.2.1,2905,400_minutes,Waterston_400_minutes,2.25787503430171,280,265,210-270,270-330,,1210,,4.64833888666221,1.37897281061491,-3.01847704650627,-3.28207512654203,0.724849696969077,-0.689797954913004,-0.688655338166743,3,265,0.022284137,5.652672,10.546783
Selection 3,AGCAGCCGTAAACACA-r17,AGCAGCCGTAAACACA-r17,1463,mixed,Murray_r17,1.13709851125074,300,260,210-270,270-330,,875,,5.32530253828307,3.71426767673873,-0.87171542567396,-0.88554509965239,4.06099514873995,2.60997842249248,1.95155751958685,3,260,0.037013687,5.6643853,10.018005
Selection 3,ACTTACTGTGTAACGG-300.1.1,ACTTACTGTGTAACGG-300.1.1,1080,300_minutes,Waterston_300_minutes,0.839416535988243,260,225,210-270,210-270,,604,,5.83219111076216,1.33781197728159,-3.86813704533458,-3.97170168197286,0.958991939315433,-1.01389728203595,-1.20255506945888,3,225,0.015755665,5.867968,10.029415
Selection 3,AGCGGTCTCCTTTACA-300.1.3,AGCGGTCTCCTTTACA-300.1.3,1518,300_minutes,Waterston_300_minutes,1.17984657558347,230,195,170-210,210-270,ABpxpaappa,938,,6.42197922344908,2.1847253666182,-2.9720141496873,-3.26539584742568,1.77309003329972,-0.322334152313164,-1.05298808337844,3,195,0.015119314,5.903814,9.7589035
Selection 3,CTCGAGGTCGTTGCCT-300.1.2,CTCGAGGTCGTTGCCT-300.1.2,1126,300_minutes,Waterston_300_minutes,0.875169462521075,260,180,170-210,210-270,,668,,10.2331598461315,5.34779988252878,-2.1711993735239,-3.08582720640837,5.45235924687168,2.15409092178549,0.422312352377907,3,180,0.021269567,5.789015,9.862922
Selection 3,GAATGAAGTCATACTG-300.1.2,GAATGAAGTCATACTG-300.1.2,2669,300_minutes,Waterston_300_minutes,2.07444697643761,260,260,210-270,210-270,,1207,,5.22487374874084,1.68257909355854,-3.21738308125572,-3.42203404253074,1.22067228524289,-0.712843142484381,-1.02684479438059,3,260,0.019264514,5.761961,10.159598
Selection 3,ACGCAGCTCGGCTACG-400.2.3,ACGCAGCTCGGCTACG-400.2.3,1193,400_minutes,Waterston_400_minutes,0.927244377253679,230,170,170-210,210-270,ABpxaapap,630,,8.34655406138482,3.61393007030936,-2.67809981015001,-2.88538021798226,3.75747490119707,1.61597916708284,0.62732326181391,3,170,0.008704863,5.71216,9.944402
Selection 3,CGTCACTAGTAGTGCG-300.1.2,CGTCACTAGTAGTGCG-300.1.2,2484,300_minutes,Waterston_300_minutes,1.93065803277296,230,260,210-270,210-270,ABpxpaappa,1273,,5.54516348727473,1.61427753497154,-3.28794177576805,-3.31076131196639,1.20151263325124,-0.425939910960762,-0.55596666688909,3,260,0.018444672,5.838062,10.204258
Selection 3,TAGTGGTAGGATTCGG-300.1.2,TAGTGGTAGGATTCGG-300.1.2,2172,300_minutes,Waterston_300_minutes,1.68815992237635,230,260,210-270,210-270,ABpxpaappa,1044,,6.26531758235572,1.94317554928863,-3.68260093934208,-3.93813667483321,1.22850891339432,-1.19639456377184,-1.92842895154063,3,260,0.015458242,5.871308,10.187768
Selection 3,AAAGATGTCATCGCTC-400.2.2,AAAGATGTCATCGCTC-400.2.2,1997,400_minutes,Waterston_400_minutes,1.55214335404493,260,260,210-270,210-270,,929,,6.01108952777143,2.2041977201663,-3.18354373390453,-3.45341513294068,1.84562032569363,-0.451128143847669,-1.08724814919686,3,260,0.014004088,5.9156666,10.128492
Selection 3,TCTCATACAAGGTGTG-300.1.1,TCTCATACAAGGTGTG-300.1.1,1584,300_minutes,Waterston_300_minutes,1.23114425278276,260,260,210-270,210-270,ABalpppppa/ABpraaappa,830,Neuroblast_ADF_AWB,5.97371408392631,1.55163757372444,-3.75232907512397,-3.86802487679454,1.4154384528551,-0.510936572058078,-0.667915041084124,3,260,0.009901896,6.033289,9.613184
Selection 3,GGTGCGTGTAGCCTAT-300.1.2,GGTGCGTGTAGCCTAT-300.1.2,1370,300_minutes,Waterston_300_minutes,1.06481542065175,220,175,170-210,210-270,,755,,8.39712201703316,3.28804172723025,-3.3874808995967,-3.57428056065242,3.95963936242564,1.3690611792029,0.570619876418606,3,175,0.00839071,6.0929804,9.565664
Selection 3,GGCTCGACACACAGAG-300.1.1,GGCTCGACACACAGAG-300.1.1,1794,300_minutes,Waterston_300_minutes,1.39436413478047,260,225,210-270,210-270,ABpxpaappa,942,,7.08706245575307,2.78299466622189,-3.39109786558099,-3.65891892416783,2.37569019355776,-0.110913237007875,-0.906502250090526,3,225,0.012827175,6.2251816,10.049297
Selection 3,ACGGGCTAGGAGTAGA-300.1.1,ACGGGCTAGGAGTAGA-300.1.1,1306,300_minutes,Waterston_300_minutes,1.01507221851912,230,260,210-270,210-270,ABpxpaappa,772,,6.60232592684468,2.66149344594412,-3.27515947482073,-3.57322389622961,2.42914388630967,0.129271732097757,-0.47284282878407,3,260,0.019500775,6.1252837,10.091533
Selection 3,ACACCCTCAAACGTGG-300.1.1,ACACCCTCAAACGTGG-300.1.1,1924,300_minutes,Waterston_300_minutes,1.49540501411239,260,230,210-270,210-270,,876,,5.79408450401324,1.44825637574589,-3.67966374692788,-3.85161276586969,0.659167196369375,-1.29512643368278,-1.64690185093463,3,230,0.010214984,6.1588573,10.159314
Selection 3,CATATGGCACAGCCCA-300.1.2,CATATGGCACAGCCCA-300.1.2,1957,300_minutes,Waterston_300_minutes,1.52105385271203,220,190,170-210,210-270,ABpxapppa,970,,7.93737783196522,3.49697163791245,-2.87829449256072,-3.5168795565811,3.16095366707642,0.509374114517517,-0.585113739449509,3,190,0.010911146,6.185249,10.050664
Selection 3,CAGTCCTCATACGCCG-300.1.2,CAGTCCTCATACGCCG-300.1.2,2013,300_minutes,Waterston_300_minutes,1.56457915457809,270,270,270-330,270-330,,1032,,5.37737335525346,1.55583169951179,-3.42216820356271,-3.44024180268871,1.47449459525352,-0.101834796663401,-0.0496863056021951,3,270,0.016364446,6.18214,10.01528
Selection 3,TGCCCTATCTGGTTCC-400.2.3,TGCCCTATCTGGTTCC-400.2.3,1977,400_minutes,Waterston_400_minutes,1.53659860337848,220,245,210-270,210-270,ABalpppppa/ABpraaappa,1018,,8.64792219852443,4.10207370167972,-2.59813651015048,-3.02714433224538,3.54204195754896,0.605545214208284,-1.14414320499753,3,245,0.009282452,6.1654887,9.738979
Selection 3,AGCTCCTCACATGACT-b01,AGCTCCTCACATGACT-b01,1007,mixed,Murray_b01,0.782678196055704,200,220,210-270,170-210,ABalpppppa/ABpraaappa,611,,10.0791479931722,5.42265621824722,-1.73525205938534,-2.23950696281036,6.13549242724648,3.69694904514647,2.49445187669335,3,220,0.006358971,6.308196,9.582572
Selection 3,GTGCAGCTCCTGTAGA-400.2.3,GTGCAGCTCCTGTAGA-400.2.3,1758,400_minutes,Waterston_400_minutes,1.36638358358086,270,265,210-270,270-330,,861,,5.69219154286808,3.44012032652586,-1.20128438784534,-1.82496644371024,2.84015903169927,1.26275852021866,0.862086388925529,3,265,0.026925955,6.1198745,9.643879
Selection 3,AGTGTCAGTCTTGCGG-400.2.1,AGTGTCAGTCTTGCGG-400.2.1,1670,400_minutes,Waterston_400_minutes,1.29798668064849,220,200,170-210,210-270,ABalpppppa/ABpraaappa,838,,8.93649129553637,3.63011486520922,-3.40855562636113,-3.70739768889348,3.80202855031399,1.00543793296956,-0.186709618504169,3,200,0.010501854,6.3179793,9.990613
Selection 3,GGATTACAGTAGATGT-400.2.1,GGATTACAGTAGATGT-400.2.1,920,400_minutes,Waterston_400_minutes,0.715058530656651,260,260,210-270,210-270,ABalpppppa/ABpraaappa,568,Neuroblast_ADF_AWB,6.68906164260602,2.14138321735896,-4.33452368302311,-4.26987813176318,2.38198102352913,-0.52826669770165,-1.56830475565221,3,260,0.014704365,6.1088653,9.691046
Selection 3,GGTGTTATCTGCTTGC-400.2.2,GGTGTTATCTGCTTGC-400.2.2,1055,400_minutes,Waterston_400_minutes,0.819985597655181,230,455,450-510,210-270,ABpxpaappa,610,AUA,6.6172042837055,3.45424851473304,-1.756750397662,-2.23134916535629,2.5335511144232,0.556942514491006,-0.502638824711005,3,455,0.021604355,6.211274,9.917821
Selection 3,CATATGGCAGGCTCAC-300.1.2,CATATGGCAGGCTCAC-300.1.2,2189,300_minutes,Waterston_300_minutes,1.70137296044284,260,225,210-270,210-270,,1036,,8.16418623281463,3.42289383797391,-3.27240023762435,-3.77103710269526,2.8625769743865,-0.12583445075549,-1.54518369538382,3,225,0.011806531,6.0596333,10.21721
Selection 3,CTCGAGGGTCTTCGTC-300.1.1,CTCGAGGGTCTTCGTC-300.1.1,1813,300_minutes,Waterston_300_minutes,1.4091316479136,210,195,170-210,210-270,ABpxpaaapp,950,,8.12579086027779,3.52299086147831,-3.05365219113337,-3.35327638130779,3.84534947093835,1.49866703579326,0.898791563311848,3,195,0.011759986,6.357806,9.978828
Selection 3,TGATTTCCATCACGTA-400.2.3,TGATTTCCATCACGTA-400.2.3,2138,400_minutes,Waterston_400_minutes,1.66173384624339,230,240,210-270,210-270,ABpxpaappa,1052,,6.88034954864969,2.75623348174771,-2.84276207931636,-3.2097484386456,2.16497393138892,-0.218408623756061,-1.15066194065374,3,240,0.012739867,6.228131,10.186317
Selection 3,TTTGTCAAGTGTTAGA-400.2.3,TTTGTCAAGTGTTAGA-400.2.3,1477,400_minutes,Waterston_400_minutes,1.14797983671725,230,215,210-270,210-270,ABalpppppa/ABpraaappa,831,,8.43756318017407,4.10113020606581,-1.77166625262129,-2.21084881258796,3.89315189259568,1.98973056339529,1.05593109294635,3,215,0.0135505125,6.5138955,10.184928
Selection 3,GTGAAGGAGCTAAGAT-b01,GTGAAGGAGCTAAGAT-b01,738,mixed,Murray_b01,0.573601299591966,220,440,390-450,210-270,ABpxpaaaaap,519,AWC,5.42427938649895,2.29076472027878,-1.72424002289696,-1.78451024525021,2.93101652065756,2.109370401009,2.52792727097869,3,440,0.018676586,6.4888077,9.9525
Selection 3,AAAGATGGTGGCTCCA-400.2.1,AAAGATGGTGGCTCCA-400.2.1,1705,400_minutes,Waterston_400_minutes,1.32518999431477,260,245,210-270,210-270,,863,,5.34731253963845,1.38980305335236,-3.05894615785957,-3.23540248649328,0.819541591352495,-0.522886098791335,-0.593526195427873,3,245,0.012620052,6.1340675,10.219951
Selection 3,CTCGTCACATGCGCAC-400.2.2,CTCGTCACATGCGCAC-400.2.2,1054,400_minutes,Waterston_400_minutes,0.819208360121859,230,260,210-270,210-270,ABalpppppa/ABpraaappa,673,Neuroblast_ADF_AWB,7.79258647805219,4.65760087890412,-1.97517308041059,-2.47009634758122,4.64176720481253,1.81904313196106,0.288827857466544,3,260,0.015940726,5.609262,9.856946
Selection 3,GATTCAGAGCGCTCCA-300.1.2,GATTCAGAGCGCTCCA-300.1.2,2312,300_minutes,Waterston_300_minutes,1.7969731770415,260,260,210-270,210-270,,1063,,4.76731395817147,0.867073180729392,-3.4664529911586,-3.58433139080213,0.399715460706603,-1.04845337471054,-0.878496703710339,3,260,0.020429732,5.562556,10.170572
Selection 3,CAGCAGCTCCATGAGT-b01,CAGCAGCTCCATGAGT-b01,960,mixed,Murray_b01,0.746148031989549,260,260,210-270,210-270,,597,,4.5501906816367,2.28853504760581,-1.00141001617443,-0.312116425786123,2.3265513793274,2.6050733008052,2.84306436434325,3,260,0.037233002,5.5291867,9.925221
Selection 3,GCACATAGTATAGGTA-400.2.3,GCACATAGTATAGGTA-400.2.3,2233,400_minutes,Waterston_400_minutes,1.73557141190902,290,265,210-270,270-330,,1104,,4.55656815466057,1.54124720743134,-2.94790560578307,-3.44052477579101,0.899814742949545,-0.889351016652868,-1.03170286771055,3,265,0.024142886,5.025027,10.074272
Selection 3,TTCGGTCCACGGCTAC-300.1.3,TTCGGTCCACGGCTAC-300.1.3,1443,300_minutes,Waterston_300_minutes,1.12155376058429,230,190,170-210,210-270,ABpxaapap,806,,8.70272116246996,3.90450010277358,-2.79841777071719,-3.4646065497058,3.51334994055793,0.49849184170426,-1.08605550779741,7,190,0.0218213,5.6503153,10.071922
Selection 3,ACTTTCATCTCGCTTG-400.2.3,ACTTTCATCTCGCTTG-400.2.3,1644,400_minutes,Waterston_400_minutes,1.2777785047821,260,260,210-270,210-270,ABalpppppa/ABpraaappa,874,Neuroblast_ADF_AWB,6.3412269608649,2.25676108632662,-3.25205166523599,-3.36728971715664,1.86333381574578,-0.0661459974542266,-0.586238832783339,3,260,0.013198742,5.517635,9.821568
Selection 3,GATCGTACAACTTGAC-b01,GATCGTACAACTTGAC-b01,740,mixed,Murray_b01,0.575155774658611,230,490,450-510,210-270,ABpxaapapaa,513,AWA,1.89183305854469,-0.0219763086727997,-1.27726715159085,-0.976040853307126,1.15109648519656,1.21721664065435,2.66559178273936,3,490,0.057475127,5.640786,9.896812
Selection 3,AGAATAGGTTCCAACA-b01,AGAATAGGTTCCAACA-b01,1096,mixed,Murray_b01,0.851852336521402,260,285,270-330,210-270,,652,,4.50051425179531,1.54127818842236,-1.75643157030676,-1.54675352114213,1.40668212518841,1.12568762873298,1.68927578005047,3,285,0.029748384,5.4338164,10.09094
Selection 3,CGATGTATCAAGGCTT-400.2.1,CGATGTATCAAGGCTT-400.2.1,898,400_minutes,Waterston_400_minutes,0.697959304923557,260,260,210-270,210-270,ABpxaapapa,517,Neuroblast_ASG_AWA,7.49836471249665,3.13369509062654,-2.66830531008687,-2.80534338298712,2.79615994452072,0.774820139401462,-0.106595695375226,3,260,0.010300964,5.494342,9.865296
Selection 3,TGGCTGGAGTCCATAC-300.1.1,TGGCTGGAGTCCATAC-300.1.1,1553,300_minutes,Waterston_300_minutes,1.20704988924976,230,185,170-210,210-270,ABpxaapapa,807,,8.33286893548836,3.02161622973225,-3.49389617214134,-4.02405590699787,2.51471024044535,-0.117130414228482,-1.28178515531913,7,185,0.017206702,5.329579,9.993325
Selection 3,GGCTCGATCGCAAGCC-300.1.3,GGCTCGATCGCAAGCC-300.1.3,1046,300_minutes,Waterston_300_minutes,0.812990459855279,290,275,270-330,270-330,,629,,3.07030947434095,0.104791145654233,-3.45801433522936,-3.62173260443653,-0.578334654681753,-2.04799401858197,-1.7281004403978,3,275,0.066496626,4.662311,11.608099
Selection 3,CTGCCTAAGGGTCGAT-300.1.1,CTGCCTAAGGGTCGAT-300.1.1,1688,300_minutes,Waterston_300_minutes,1.31197695624829,280,285,270-330,270-330,,897,,2.63167621582026,-0.0932137958598698,-2.9460549065067,-3.01457197766433,-0.826865280882898,-1.8312272936267,-1.30532683603514,3,285,0.04728521,4.6759286,11.391291
Selection 3,CAGCATATCAAACCGT-400.2.2,CAGCATATCAAACCGT-400.2.2,1580,400_minutes,Waterston_400_minutes,1.22803530264947,290,270,270-330,270-330,,881,,3.03218586882168,0.368375481506842,-2.79515773739885,-2.80537776399955,0.0330243645179999,-0.878173236848572,-0.268056086425175,3,270,0.051316846,4.6551657,11.373853
Selection 3,CATATGGGTTGGTGGA-300.1.3,CATATGGGTTGGTGGA-300.1.3,1698,300_minutes,Waterston_300_minutes,1.31974933158151,290,265,210-270,270-330,,935,,2.57623376455195,-0.176522247532392,-3.04711296321886,-2.83710945507353,-0.909605258395895,-1.72054083771722,-1.23853155354022,3,265,0.055136014,4.601571,11.504393
Selection 3,TACGGATTCCAAACTG-300.1.2,TACGGATTCCAAACTG-300.1.2,1770,300_minutes,Waterston_300_minutes,1.37571043398073,290,280,270-330,270-330,,912,,2.19259491124754,-0.633658622093674,-3.31469045817513,-3.33315600957952,-1.34057026660184,-2.23624280368492,-1.42764111830743,3,280,0.052346464,4.6360145,11.397081
Selection 3,TGACTTTAGTACGCCC-400.2.2,TGACTTTAGTACGCCC-400.2.2,871,400_minutes,Waterston_400_minutes,0.676973891523851,200,260,210-270,170-210,,481,,6.48483233869188,2.8022856621472,-2.66758809392789,-2.571587177343,2.43344358385473,0.993898732712179,0.531146354729395,3,260,0.05046636,4.688329,11.262431
Selection 3,AAGGTTCTCGTTTGCC-400.2.2,AAGGTTCTCGTTTGCC-400.2.2,1011,400_minutes,Waterston_400_minutes,0.785787146188994,260,290,270-330,210-270,,605,,3.66048381334068,0.954581016387674,-3.18005850739748,-2.98913736055585,0.719616690028389,-0.892107288657255,-0.950951259349841,3,290,0.07418062,4.6728797,11.7795105
Selection 3,CAACCAATCGTGGGAA-400.2.1,CAACCAATCGTGGGAA-400.2.1,2411,400_minutes,Waterston_400_minutes,1.87391969284042,290,285,270-330,270-330,,1233,,3.43186667397679,1.47113052089945,-2.34792697270466,-2.57691015104039,0.697539705841416,-1.16653181258734,-1.7612189087727,3,285,0.06016277,4.717401,11.45124
Selection 3,CAGCGACCATCACCCT-300.1.2,CAGCGACCATCACCCT-300.1.2,1135,300_minutes,Waterston_300_minutes,0.882164600320977,300,275,270-330,270-330,,673,,2.86124949068216,0.330018860189879,-2.85890175641538,-2.82633880920027,0.100449600583269,-0.896263466340439,-0.516671169283024,3,275,0.06782306,4.5703154,11.783625
Selection 3,GGTGTTACATTAACCG-300.1.2,GGTGTTACATTAACCG-300.1.2,1978,300_minutes,Waterston_300_minutes,1.5373758409118,280,280,270-330,270-330,,1009,,3.13082061358212,0.238735776235696,-3.05497554162073,-3.14131852340063,-0.503899041958192,-1.66203471432408,-1.38485410078979,3,280,0.04243675,4.7893133,11.033655
Selection 3,CTGTTTAGTCCGTCAG-400.2.1,CTGTTTAGTCCGTCAG-400.2.1,1595,400_minutes,Waterston_400_minutes,1.2396938656493,300,275,270-330,270-330,,861,,3.14920469307399,0.73739081875355,-2.52061844956651,-2.65831746173557,0.139494631339183,-1.28646848302259,-1.30790835288711,3,275,0.054237165,4.848883,11.325733
Selection 3,CTCGAGGTCTGAGGGA-400.2.3,CTCGAGGTCTGAGGGA-400.2.3,950,400_minutes,Waterston_400_minutes,0.738375656656325,290,280,270-330,270-330,,615,,3.26294630960107,0.590369963125446,-3.04926559750772,-3.19592724782879,0.224438580360992,-1.48205880781152,-1.50044639622031,3,280,0.047710873,4.8377423,11.241963
Selection 3,CGATGTAGTCACTGGC-300.1.3,CGATGTAGTCACTGGC-300.1.3,2054,300_minutes,Waterston_300_minutes,1.59644589344431,280,285,270-330,270-330,,1013,,3.84014112893149,1.0123749285035,-2.98111707202415,-3.16200031751186,0.873121325760985,-0.364618342309486,0.0501710533839818,3,285,0.042421073,4.8240967,11.072438
Selection 3,TGAGGGAAGCGTCAAG-400.2.2,TGAGGGAAGCGTCAAG-400.2.2,1532,400_minutes,Waterston_400_minutes,1.19072790104999,270,285,270-330,270-330,,843,,4.64775690437052,2.33817239857188,-1.5344591887256,-1.77730125747927,1.90554390186936,0.858860881987076,0.729151623506974,3,285,0.04764368,4.8226547,11.057755
Selection 3,ACATACGAGGGCTTCC-400.2.1,ACATACGAGGGCTTCC-400.2.1,2157,400_minutes,Waterston_400_minutes,1.67650135937652,280,280,270-330,270-330,,1115,,3.89484172484598,1.08728522625681,-2.94072297346661,-3.08413337509766,0.60631221262599,-0.712431997943354,-0.608982865023458,3,280,0.05114814,4.773679,11.360381
Selection 3,CGTAGCGAGGCTATCT-300.1.2,CGTAGCGAGGCTATCT-300.1.2,1528,300_minutes,Waterston_300_minutes,1.1876189509167,290,285,270-330,270-330,,837,,3.24356444529351,0.166832444822747,-3.11933155235695,-3.22593718983195,-0.843974543012094,-2.1031260050605,-1.87495857805733,3,285,0.04293309,4.7562838,11.207761
Selection 3,CAGCATAAGATATGCA-400.2.3,CAGCATAAGATATGCA-400.2.3,1378,400_minutes,Waterston_400_minutes,1.07103332091833,300,270,270-330,270-330,,741,,3.02327996208794,0.643856790298944,-2.54015746933836,-2.7517293705714,-0.20673826536738,-1.37268140185989,-0.992411535065906,3,270,0.049878415,4.732225,11.111385
Selection 3,TAGACCAGTCCAGTTA-400.2.2,TAGACCAGTCCAGTTA-400.2.2,840,400_minutes,Waterston_400_minutes,0.652879527990855,260,285,270-330,210-270,,602,,2.73196621853627,0.118824585572447,-1.89661674356137,-1.45967920646292,-0.628931834039995,-1.09422736967745,-0.744954748981896,3,285,0.04940175,4.8132286,11.108525
Selection 3,GTTCTCGTCCCTGACT-400.2.2,GTTCTCGTCCCTGACT-400.2.2,1576,400_minutes,Waterston_400_minutes,1.22492635251618,280,280,270-330,270-330,,870,,3.32910633936148,0.736726005633237,-2.84294927960687,-3.04072525549388,-0.464953293381647,-1.80789463084809,-1.76240364715246,3,280,0.041192386,4.792432,11.169969
Selection 3,CAGAGAGCACTTCTGC-300.1.2,CAGAGAGCACTTCTGC-300.1.2,2273,300_minutes,Waterston_300_minutes,1.76666091324192,290,280,270-330,270-330,,1083,,3.8330822672224,0.738547080320794,-3.23706297110765,-3.29161208684595,0.0916200870198327,-1.47717119008467,-1.37952951289408,3,280,0.047248706,4.855072,11.172106
Selection 3,CTCTACGAGCGTTTAC-400.2.3,CTCTACGAGCGTTTAC-400.2.3,1248,400_minutes,Waterston_400_minutes,0.969992441586414,280,325,270-330,270-330,,767,,3.65482768012387,1.1671019146162,-2.59412233292833,-2.48503448559217,1.12628841160588,-0.192037570864513,0.0089586535755872,3,325,0.04364666,4.905928,10.906533
Selection 3,ATCCACCAGTGGTAGC-400.2.1,ATCCACCAGTGGTAGC-400.2.1,1074,400_minutes,Waterston_400_minutes,0.834753110788308,280,280,270-330,270-330,,601,,3.52105886205478,1.03778854482701,-2.24831736908892,-2.60645549345212,-0.0516787939924396,-0.913420315406942,-0.654267416598753,3,280,0.04336271,4.874174,11.181258
Selection 3,GGAATAATCACGGTTA-300.1.2,GGAATAATCACGGTTA-300.1.2,1764,300_minutes,Waterston_300_minutes,1.3710470087808,270,300,270-330,270-330,ABalppppppa/ABpraaapppa,1029,ASE_parent,3.56070811659503,0.277648820020435,-3.60461458651168,-3.49954937059311,0.348437996616865,-1.11651081307742,-0.716469107930083,2,300,0.07295077,4.950199,11.644746
Selection 3,CTAACTTAGTGAAGAG-b01,CTAACTTAGTGAAGAG-b01,1928,mixed,Murray_b01,1.49851396424568,700,640,580-650,> 650,ABpxpaappaa,1031,ASH,-11.4648973153126,-10.1117764514405,-4.651230731038,-2.83285628516619,-6.76805521577814,-5.23469164300136,-4.46112639143687,13,640,0.46834448,1.1936083,17.33796
Selection 3,CGTCAGGGTAAACCTC-500.2.2,CGTCAGGGTAAACCTC-500.2.2,911,500_minutes,Waterston_500_minutes_batch_2,0.708063392856749,700,700,> 650,> 650,ABpxpaappaa,583,ASH,-10.3769730178315,-5.45017511044867,4.11021258791456,5.66961209498079,-5.34338525368598,-3.36503798051295,-5.21184728654912,13,700,0.54829484,1.4135709,17.57853
Selection 3,CGGACTGCATGCTGGC-500.2.2,CGGACTGCATGCTGGC-500.2.2,1046,500_minutes,Waterston_500_minutes_batch_2,0.812990459855279,700,725,> 650,> 650,ABpxpaappaa,749,ASH,-10.8333966261684,-6.65449216919408,1.30036592141337,9.75860361946364,-4.82077400241907,4.58227962661926,6.91135497289161,13,725,0.52491665,1.7601799,17.197815
Selection 3,CGTCACTTCTCGAGTA-500.2.1,CGTCACTTCTCGAGTA-500.2.1,948,500_minutes,Waterston_500_minutes_batch_2,0.73682118158968,700,700,> 650,> 650,ABpxpaappaa,586,ASH,-10.5350323942236,-6.57752892621846,2.5843285499997,5.86945677716863,-5.86909011973277,-3.18162394716733,-4.56247420707293,13,700,0.5381672,1.4668435,17.587397
Selection 3,ACCAGTAGTCATCGGC-b02,ACCAGTAGTCATCGGC-b02,862,mixed,Murray_b02,0.669978753723949,700,725,> 650,> 650,ABpxpaappaa,562,ASH,-9.13851028956432,-9.00281223452811,-2.97181741013797,-1.51440580065206,-6.11188289855473,-4.07988117027357,-1.03593459139643,13,725,0.5749893,1.852911,17.413513
Selection 3,CTAATGGTCATTCACT-500.2.2,CTAATGGTCATTCACT-500.2.2,1493,500_minutes,Waterston_500_minutes_batch_2,1.16041563725041,750,700,> 650,> 650,ABpxpaappaa,927,ASH,-8.92810991061607,-2.35088913445771,7.40982793186203,9.04208015897164,-2.38805119072023,4.05749979669905,3.17906510508836,13,700,0.54994094,1.490846,17.508272
Selection 3,CGTGTCTTCTACTATC-500.2.2,CGTGTCTTCTACTATC-500.2.2,569,500_minutes,Waterston_500_minutes_batch_2,0.442248156460472,750,700,> 650,> 650,ABpxpaappaa,425,ASH,-8.3838587712885,-3.2541388816781,7.22605929315679,8.90872565474141,-4.04483154948275,1.40264550298534,1.70929780119341,13,700,0.50481623,1.9064765,17.118755
Selection 3,CGCCAAGCAGCCTGTG-b02,CGCCAAGCAGCCTGTG-b02,724,mixed,Murray_b02,0.562719974125451,700,700,> 650,> 650,ABpxpaappaa,504,ASH,-3.93542766939474,-5.07772856456759,-2.65257861999853,-1.91781517016145,-2.56580083229595,-0.888653859798362,2.25454986989446,13,700,0.49021593,2.0356717,17.003515
Selection 3,GAATAAGCAAAGGTGC-500.2.2,GAATAAGCAAAGGTGC-500.2.2,673,500_minutes,Waterston_500_minutes_batch_2,0.523080859926007,830,640,580-650,> 650,ABpxpaappaa,517,ASH,-6.55837570116396,-0.0620071367541806,13.7525127877872,14.9318532084045,-2.8479071016321,5.44546113462135,7.05413183520212,13,640,0.49210215,2.039118,16.828688
Selection 3,TGCGTGGGTGGCTCCA-500.2.1,TGCGTGGGTGGCTCCA-500.2.1,758,500_minutes,Waterston_500_minutes_batch_2,0.589146050258415,700,640,580-650,> 650,ABpxpaappaa,566,ASH,-4.51434878247072,4.01820049625772,14.9021175063397,15.7296438091925,0.533073384714306,9.49575563506803,7.82597246856047,13,640,0.51105446,2.0779457,17.035465
Selection 3,ACGGGCTAGCTAGTCT-500.2.2,ACGGGCTAGCTAGTCT-500.2.2,644,500_minutes,Waterston_500_minutes_batch_2,0.500540971459656,800,700,> 650,> 650,ABpxpaappaa,486,ASH,-6.07251782188209,0.414530354976282,12.0522339645409,14.4209238132025,-1.61338750966669,6.82315113135848,6.3834202555838,13,700,0.49535966,2.00415,16.946249
Selection 3,GGAATAAAGGCCCGTT-500.2.2,GGAATAAAGGCCCGTT-500.2.2,566,500_minutes,Waterston_500_minutes_batch_2,0.439916443860505,700,700,> 650,> 650,ABpxpaappaa,391,ASH,-9.2032175949762,-6.21505122759603,1.74024008467123,3.1670804686921,-5.96629861493602,-3.30262748765413,-3.45283190509922,13,700,0.51675427,2.0704954,17.348423
Selection 3,TAAACCGCACCGTTGG-500.2.1,TAAACCGCACCGTTGG-500.2.1,921,500_minutes,Waterston_500_minutes_batch_2,0.715835768189974,750,725,> 650,> 650,ABpxpaappaa,636,ASH,-8.09778133189852,-2.38596225160631,11.2682865148356,15.0241899704184,-3.84733370403502,4.10731156818788,4.12902346294939,13,725,0.5185836,2.0607471,17.052341
Selection 3,CACACTCCAAGAAGAG-500.2.2,CACACTCCAAGAAGAG-500.2.2,604,500_minutes,Waterston_500_minutes_batch_2,0.469451470126758,700,725,> 650,> 650,ABpxpaappaa,422,ASH,-6.71023396917698,-1.23611078059465,13.0111240951065,13.2723570228654,-3.6929710270533,3.44926070293176,3.31507699043528,13,725,0.5212943,1.7659811,17.164932
Selection 3,TGCTGCTGTAATCACC-b02,TGCTGCTGTAATCACC-b02,724,mixed,Murray_b02,0.562719974125451,750,700,> 650,> 650,ABpxpaappaa,466,ASH,-7.65418675118504,-7.25867230651431,-2.52680889635613,-1.49246909458812,-4.3778142774236,-2.35929770199639,0.341704790592716,13,700,0.5334162,1.7800745,17.46103
Selection 3,GCATGTATCATGTAGC-500.2.1,GCATGTATCATGTAGC-500.2.1,510,500_minutes,Waterston_500_minutes_batch_2,0.396391141994448,830,700,> 650,> 650,ABpxpaappaa,403,ASH,-7.96279293281495,-3.96412725257711,7.92387257147927,11.0199449779875,-3.14032203879367,2.46523579322385,3.94043777926032,13,700,0.49581024,2.0657911,16.91482
Selection 3,CCCTCCTGTGAGCGAT-500.2.2,CCCTCCTGTGAGCGAT-500.2.2,755,500_minutes,Waterston_500_minutes_batch_2,0.586814337658447,700,700,> 650,> 650,ABpxpaappaa,514,ASH,-12.6123189175602,-8.77392285777643,3.05082535121496,7.18535851063587,-7.46582052728598,-2.31621225221649,-1.66520725092311,13,700,0.54574764,1.4528794,17.527302
Selection 3,CATCGAAGTCCAAGTT-b01,CATCGAAGTCCAAGTT-b01,821,mixed,Murray_b01,0.638112014857729,630,700,> 650,580-650,ABpxpaappaa,567,ASH,-5.22965299965241,-2.69478196311834,1.52601054525188,4.48463101480869,-0.562556904551473,1.64056829354579,0.732452752993398,13,700,0.5432339,2.1116462,17.317724
Selection 3,AAGCCGCCATGTTGAC-500.2.1,AAGCCGCCATGTTGAC-500.2.1,922,500_minutes,Waterston_500_minutes_batch_2,0.716613005723296,640,750,> 650,580-650,ABpxpaappaa,595,ASH,-10.4453068227032,-6.91106899798674,2.15246702878636,4.16188267123432,-6.25770623105427,-3.52108875333898,-4.02453549863476,13,750,0.51581293,2.0574806,17.244282
Selection 3,GTGCTTCTCTCCTATA-500.2.2,GTGCTTCTCTCCTATA-500.2.2,842,500_minutes,Waterston_500_minutes_batch_2,0.6544340030575,700,700,> 650,> 650,ABpxpaappaa,547,ASH,-11.5023896003641,-6.75991740635715,5.3017239879897,6.63912380120233,-6.87167099995242,-3.62864607886753,-3.49848804489903,13,700,0.5294051,1.980601,17.372755
Selection 3,CTCGAGGCAGTTAACC-500.2.2,CTCGAGGCAGTTAACC-500.2.2,595,500_minutes,Waterston_500_minutes_batch_2,0.462456332326856,750,700,> 650,> 650,ABpxpaappaa,403,ASH,-8.30114847816588,-4.39432156223296,5.50495178782928,6.90606820353905,-4.51181709550359,-0.82633604855457,-0.887494514558026,13,700,0.52140224,1.4315914,17.37762
Selection 3,AGAGCGAGTTGTACAC-500.1.1,AGAGCGAGTTGTACAC-500.1.1,1862,500_minutes,Waterston_500_minutes_batch_1,1.4472162870464,640,700,> 650,580-650,ABpxpaappaa,875,ASH,-11.065015916918,-6.54817444703777,3.80612244514228,2.5737277908143,-6.96587077019411,-5.72584512613788,-6.41267480415384,13,700,0.564038,2.03167,17.643797
Selection 3,CGACCTTAGATGGCGT-b02,CGACCTTAGATGGCGT-b02,864,mixed,Murray_b02,0.671533228790594,700,725,> 650,> 650,ABpxpaappaa,542,ASH,-5.45452204767606,-6.5383130767083,-3.69041387479063,-2.67930582679426,-2.97700824417189,-1.86530730864191,0.224290586075754,13,725,0.5573307,1.9021791,17.278862
Selection 3,AACTTTCGTCAAGCGA-500.2.2,AACTTTCGTCAAGCGA-500.2.2,1774,500_minutes,Waterston_500_minutes_batch_2,1.37881938411402,700,725,> 650,> 650,ABpxpaappaa,1043,ASH,-14.2745996889598,-9.08037879027951,5.74184196058323,8.66051397145,-8.19570885300631,-3.46759592001405,-3.93669699731187,13,725,0.52114236,1.5965382,17.527546
Selection 3,CATCCACTCGTCACGG-500.2.2,CATCCACTCGTCACGG-500.2.2,990,500_minutes,Waterston_500_minutes_batch_2,0.769465157989222,830,700,> 650,> 650,ABpxpaappaa,639,ASH,-11.4028468079326,-5.45582365540522,6.94111988516307,10.3718913051622,-5.61977831246181,-0.788681144063332,-1.53379950455877,13,700,0.5275193,1.5456183,17.507774
Selection 3,CAGTCCTCAGCTCCGA-500.2.2,CAGTCCTCAGCTCCGA-500.2.2,954,500_minutes,Waterston_500_minutes_batch_2,0.741484606789614,700,700,> 650,> 650,ABpxpaappaa,628,ASH,-12.3773009618072,-7.96932024957717,2.32415448435959,4.83418510215302,-7.23983039016387,-3.23971066090379,-3.68164716509702,13,700,0.53754807,1.3978851,17.632187
Selection 3,AGTTGGTCAAACAACA-500.2.1,AGTTGGTCAAACAACA-500.2.1,1723,500_minutes,Waterston_500_minutes_batch_2,1.33918026991458,640,620,580-650,580-650,ABalpppppaa/ABpraaappaa,991,ADF,-13.4815763087122,-8.32118785745008,3.9146558711676,5.4111584999661,-8.14016285206016,-4.40635365496212,-4.53824900189798,13,620,0.49972314,2.0624511,17.451992
Selection 3,CGACTTCGTGTGCGTC-b02,CGACTTCGTGTGCGTC-b02,814,mixed,Murray_b02,0.632671352124472,700,700,> 650,> 650,ABpxpaappaa,454,ASH,-7.06045570058254,-7.33287061323865,-3.93018271414709,-2.7457580962407,-4.83890487729063,-2.21200581754654,0.504414432213511,13,700,0.55906254,1.6339209,17.462883
Selection 3,CATTATCTCCGCGGTA-b01,CATTATCTCCGCGGTA-b01,1004,mixed,Murray_b01,0.780346483455737,700,700,> 650,> 650,ABpxpaappaa,612,ASH,-7.96282218949639,-5.8007634321452,-0.839755027969262,-0.896867263870031,-4.36472899851216,-4.34749154535687,-4.60342734580204,13,700,0.56964695,1.5593716,17.478216
Selection 3,TACAGTGAGATGGGTC-500.2.1,TACAGTGAGATGGGTC-500.2.1,898,500_minutes,Waterston_500_minutes_batch_2,0.697959304923557,750,725,> 650,> 650,ABpxpaappaa,597,ASH,-11.8171695079073,-7.45426689564076,4.55104263036026,7.32463835502758,-7.06198144316088,-3.48994819439253,-4.11553149901792,13,725,0.539659,1.6408298,17.615154
Selection 3,TATTACCTCATTCACT-500.2.1,TATTACCTCATTCACT-500.2.1,1198,500_minutes,Waterston_500_minutes_batch_2,0.931130564920291,750,640,580-650,> 650,ABpxpaappaa,752,ASH,-12.2736517057361,-7.56678225104494,3.26463947429231,4.7995739326442,-7.32260845922307,-4.52058852826746,-4.8362824291816,13,640,0.48635852,1.9044777,17.349356
Selection 3,CACACCTCAGAGCCAA-b01,CACACCTCAGAGCCAA-b01,1166,mixed,Murray_b01,0.906258963853973,750,700,> 650,> 650,ABpxpaappaa,751,ASH,-4.24621555746222,-2.95764158374965,-0.333629542923406,0.512720002010176,-0.482533651659151,0.872815031787941,1.24967460878305,13,700,0.551766,1.7543982,17.46328
Selection 3,CAGAATCAGATCCTGT-500.2.1,CAGAATCAGATCCTGT-500.2.1,1065,500_minutes,Waterston_500_minutes_batch_2,0.827757972988406,700,700,> 650,> 650,ABpxpaappaa,640,ASH,-11.7325544036328,-7.82093549343131,1.75374800149699,3.4985138267493,-7.30443434146099,-4.77241490590038,-4.91258579703057,13,700,0.55435985,1.6443504,17.70119
Selection 3,TCAGCTCTCGCGGATC-500.1.2,TCAGCTCTCGCGGATC-500.1.2,1753,500_minutes,Waterston_500_minutes_batch_1,1.36249739591425,700,700,> 650,> 650,ABpxpaappaa,821,ASH,-15.273729504393,-12.4263425226758,-4.00912369625921,-2.15435449038793,-10.6060167968256,-9.64052557953406,-10.5869499971422,13,700,0.51947343,1.4930714,17.65767
Selection 3,CTTTGCGAGCTAGTCT-500.2.1,CTTTGCGAGCTAGTCT-500.2.1,994,500_minutes,Waterston_500_minutes_batch_2,0.772574108122512,700,700,> 650,> 650,ABpxpaappaa,597,ASH,-11.4312188722986,-7.87411693526149,2.50980042735313,5.13541865357692,-6.78283939707972,-3.02419374511013,-2.60132478742271,13,700,0.5381648,1.6285686,17.602856
Selection 3,TGACTTTGTACATCCA-500.2.2,TGACTTTGTACATCCA-500.2.2,516,500_minutes,Waterston_500_minutes_batch_2,0.401054567194383,750,700,> 650,> 650,ABpxpaappaa,384,ASH,-8.45675709621123,-5.17658811664189,2.20180532470622,5.29884898094555,-4.62769036800228,0.0807759985251812,-0.843663232467097,13,700,0.52893907,1.4418254,17.394108
Selection 3,TGCGCAGTCCCTGACT-b02,TGCGCAGTCCCTGACT-b02,536,mixed,Murray_b02,0.416599317860832,700,700,> 650,> 650,ABpxpaappaa,383,ASH,-7.8329452504142,-7.41161303874139,-2.27386239267542,-2.70877154861105,-4.90819822476657,-2.72679425096593,0.990014158093762,13,700,0.5547848,1.7416016,17.321346
Selection 3,GGATTACCACCTCGTT-500.2.2,GGATTACCACCTCGTT-500.2.2,835,500_minutes,Waterston_500_minutes_batch_2,0.648993340324243,700,700,> 650,> 650,ABpxpaappaa,548,ASH,-11.8595607723347,-8.04802287007486,2.80143394451328,5.48873105216225,-7.56523953503577,-3.93454169076373,-4.04070341408927,13,700,0.53375465,1.6256409,17.449905
Selection 3,ATCTACTAGAAACGAG-500.2.2,ATCTACTAGAAACGAG-500.2.2,547,500_minutes,Waterston_500_minutes_batch_2,0.425148930727378,750,640,580-650,> 650,ABpxpaappaa,404,ASH,-9.43897719215259,-5.29116560336551,4.40683100154515,7.31388580070416,-4.53269847574388,0.018964550868825,0.285190963346726,13,640,0.5179224,1.947244,17.093582
Selection 3,CTTTGCGAGCGTGAGT-500.2.1,CTTTGCGAGCGTGAGT-500.2.1,1237,500_minutes,Waterston_500_minutes_batch_2,0.961442828719867,750,700,> 650,> 650,ABpxpaappaa,774,ASH,-12.5800273563475,-7.07581038667718,6.74977544560865,10.8415706007614,-6.6201492985651,-0.870966364807356,-1.32287287668983,13,700,0.5304321,1.3948375,17.497618
Selection 3,ACTGAACGTCCGTGAC-500.2.1,ACTGAACGTCCGTGAC-500.2.1,972,500_minutes,Waterston_500_minutes_batch_2,0.755474882389418,750,700,> 650,> 650,ABpxpaappaa,652,ASH,-9.22203812832834,-3.97481667311117,7.62211725194222,12.184282528115,-4.07165649904386,3.27488100069839,2.41130250897322,13,700,0.54460484,1.3394473,17.576962
Selection 3,GTTAAGCAGCCACGCT-500.2.1,GTTAAGCAGCCACGCT-500.2.1,851,500_minutes,Waterston_500_minutes_batch_2,0.661429140857402,810,700,> 650,> 650,ABpxpaappaa,577,ASH,-11.4872587332903,-6.3820587126752,7.8030822744293,11.8615786892917,-5.56997525855609,2.99213615671514,4.41015190134248,13,700,0.5278979,1.2712927,17.535885
Selection 3,CCCTCCTCAAGCTGGA-500.2.1,CCCTCCTCAAGCTGGA-500.2.1,682,500_minutes,Waterston_500_minutes_batch_2,0.530075997725909,700,700,> 650,> 650,ABpxpaappaa,458,ASH,-9.98470752956277,-6.52103689010405,2.94568363462738,4.1093676039886,-6.01578336518773,-4.1280805819647,-4.35951584994108,13,700,0.52622926,2.155263,17.386145
